The rightmost column contains computed values for __C
X	NoNoise	Noisy
0.000000	0.000000	27.033945	170.049085
0.500000	5.022466	17.632851	174.736698
1.000000	10.089728	32.331516	179.469305
1.500000	15.201575	7.803099	184.246697
2.000000	20.357788	-0.751059	189.068652
2.500000	25.558140	32.278397	193.934944
3.000000	30.802398	29.247561	198.845336
3.500000	36.090318	34.707194	203.799586
4.000000	41.421650	56.458225	208.797442
4.500000	46.796136	56.766681	213.838643
5.000000	52.213507	35.725980	218.922921
5.500000	57.673486	35.908953	224.049998
6.000000	63.175789	72.670392	229.219586
6.500000	68.720121	59.425638	234.431391
7.000000	74.306178	76.802043	239.685107
7.500000	79.933647	80.873672	244.980420
8.000000	85.602204	110.686108	250.317004
8.500000	91.311518	58.319514	255.694527
9.000000	97.061245	103.324028	261.112643
9.500000	102.851033	94.239075	266.570998
10.000000	108.680518	123.368797	272.069228
10.500000	114.549327	103.697864	277.606957
11.000000	120.457075	120.253548	283.183799
11.500000	126.403367	126.795957	288.799356
12.000000	132.387797	128.090195	294.453222
12.500000	138.409948	131.646529	300.144976
13.000000	144.469390	140.267591	305.874189
13.500000	150.565684	133.060752	311.640417
14.000000	156.698377	142.738691	317.443206
14.500000	162.867005	139.375098	323.282092
15.000000	169.071093	161.718697	329.156595
15.500000	175.310152	133.743352	335.066225
16.000000	181.583682	183.602264	341.010479
16.500000	187.891169	179.417525	346.988843
17.000000	194.232088	200.458501	353.000787
17.500000	200.605900	168.513457	359.045771
18.000000	207.012053	162.302743	365.123240
18.500000	213.449982	208.753802	371.232627
19.000000	219.919109	255.384350	377.373350
19.500000	226.418841	236.970222	383.544816
20.000000	232.948574	219.313518	389.746416
20.500000	239.507687	242.202480	395.977527
21.000000	246.095547	236.003911	402.237513
21.500000	252.711506	259.253648	408.525724
22.000000	259.354903	265.204103	414.841495
22.500000	266.025061	281.438513	421.184146
23.000000	272.721288	288.775881	427.552982
23.500000	279.442879	290.561056	433.947296
24.000000	286.189113	310.950064	440.366363
24.500000	292.959254	269.689913	446.809443
25.000000	299.752552	252.538489	453.275783
25.500000	306.568239	338.571399	459.764612
26.000000	313.405534	302.962894	466.275146
26.500000	320.263640	329.378684	472.806583
27.000000	327.141743	313.549881	479.358107
27.500000	334.039015	321.702964	485.928885
28.000000	340.954610	357.615150	492.518068
28.500000	347.887668	350.861049	499.124791
29.000000	354.837311	355.561397	505.748174
29.500000	361.802646	385.537592	512.387318
30.000000	368.782763	387.561111	519.041310
30.500000	375.776735	427.991821	525.709219
31.000000	382.783619	393.708498	532.390098
31.500000	389.802456	385.340189	539.082983
32.000000	396.832268	426.853591	545.786893
32.500000	403.872063	413.304299	552.500829
33.000000	410.920829	424.359992	559.223777
33.500000	417.977540	431.506078	565.954705
34.000000	425.041151	452.108500	572.692563
34.500000	432.110599	427.261711	579.436285
35.000000	439.184806	445.552536	586.184787
35.500000	446.262675	446.705181	592.936968
36.000000	453.343092	491.314807	599.691708
36.500000	460.424927	437.368363	606.447871
37.000000	467.507030	445.155281	613.204304
37.500000	474.588235	513.065311	619.959836
38.000000	481.667359	474.323700	626.713276
38.500000	488.743200	493.300522	633.463419
39.000000	495.814539	454.680284	640.209041
39.500000	502.880141	481.114869	646.948899
40.000000	509.938750	536.620472	653.681734
40.500000	516.989096	525.602904	660.406268
41.000000	524.029889	564.851351	667.121208
41.500000	531.059823	527.831335	673.825239
42.000000	538.077573	512.833610	680.517032
42.500000	545.081798	548.487722	687.195240
43.000000	552.071138	519.691894	693.858497
43.500000	559.044217	545.117264	700.505420
44.000000	565.999640	542.068689	707.134609
44.500000	572.935997	600.442185	713.744646
45.000000	579.851860	590.378802	720.334097
45.500000	586.745781	616.525211	726.901509
46.000000	593.616298	560.261650	733.445413
46.500000	600.461932	577.063159	739.964323
47.000000	607.281187	583.194859	746.456736
47.500000	614.072547	604.480449	752.921130
48.000000	620.834485	616.040021	759.355970
48.500000	627.565452	631.867228	765.759701
49.000000	634.263886	623.651815	772.130755
49.500000	640.928208	615.120109	778.467544
50.000000	647.556822	635.824573	784.768466
50.500000	654.148118	621.515437	791.031904
51.000000	660.700468	631.920284	797.256222
51.500000	667.212230	658.403984	803.439771
52.000000	673.681747	648.457540	809.580886
52.500000	680.107344	703.663864	815.677887
53.000000	686.487336	686.279563	821.729078
53.500000	692.820018	674.579284	827.732749
54.000000	699.103675	704.038439	833.687175
54.500000	705.336575	736.482935	839.590619
55.000000	711.516973	734.233287	845.441326
55.500000	717.643110	757.876045	851.237531
56.000000	723.713215	723.885117	856.977453
56.500000	729.725502	690.552556	862.659300
57.000000	735.678173	735.956067	868.281265
57.500000	741.569419	769.796644	873.841531
58.000000	747.397417	712.588085	879.338267
58.500000	753.160332	778.246636	884.769630
59.000000	758.856320	754.839627	890.133767
59.500000	764.483523	759.051752	895.428812
60.000000	770.040074	749.020022	900.652891
60.500000	775.524097	739.586633	905.804118
61.000000	780.933703	784.009007	910.880597
61.500000	786.266997	769.015614	915.880423
62.000000	791.522072	788.182932	920.801681
62.500000	796.697014	835.203778	925.642449
63.000000	801.789901	774.511780	930.400796
63.500000	806.798803	803.820112	935.074784
64.000000	811.721784	844.834007	939.662467
64.500000	816.556898	781.775455	944.161892
65.000000	821.302198	829.106010	948.571102
65.500000	825.955726	799.152482	952.888131
66.000000	830.515524	778.654661	957.111012
66.500000	834.979626	844.420764	961.237770
67.000000	839.346064	857.717824	965.266429
67.500000	843.612865	852.311662	969.195006
68.000000	847.778054	813.198266	973.021519
68.500000	851.839655	846.321688	976.743981
69.000000	855.795689	928.025467	980.360406
69.500000	859.644177	867.667734	983.868806
70.000000	863.383139	848.971114	987.267191
70.500000	867.010597	850.252359	990.553574
71.000000	870.524572	847.111927	993.725968
71.500000	873.923087	867.186712	996.782388
72.000000	877.204171	913.496406	999.720853
72.500000	880.365851	847.209645	1002.539382
73.000000	883.406162	876.333348	1005.236000
73.500000	886.323142	862.227808	1007.808737
74.000000	889.114834	870.193113	1010.255629
74.500000	891.779290	915.079289	1012.574716
75.000000	894.314565	826.264235	1014.764046
75.500000	896.718725	904.378302	1016.821677
76.000000	898.989844	919.475562	1018.745674
76.500000	901.126005	895.013480	1020.534110
77.000000	903.125301	919.236272	1022.185072
77.500000	904.985837	903.350683	1023.696655
78.000000	906.705730	870.096901	1025.066968
78.500000	908.283110	956.210944	1026.294131
79.000000	909.716120	873.344691	1027.376282
79.500000	911.002919	884.054215	1028.311569
80.000000	912.141680	950.526074	1029.098159
80.500000	913.130595	906.027931	1029.734234
81.000000	913.967872	929.036806	1030.217994
81.500000	914.651738	940.917862	1030.547660
82.000000	915.180438	965.218754	1030.721468
82.500000	915.552240	925.717503	1030.737678
83.000000	915.765432	892.206798	1030.594571
83.500000	915.818324	904.173202	1030.290450
84.000000	915.709252	881.870229	1029.823641
84.500000	915.436573	912.895505	1029.192497
85.000000	914.998672	892.134258	1028.395394
85.500000	914.393960	895.628020	1027.430736
86.000000	913.620875	888.756083	1026.296954
86.500000	912.677886	914.742928	1024.992510
87.000000	911.563487	889.644411	1023.515893
87.500000	910.276209	928.256601	1021.865625
88.000000	908.814610	923.553054	1020.040259
88.500000	907.177284	865.647448	1018.038382
89.000000	905.362858	964.997311	1015.858616
89.500000	903.369994	889.918007	1013.499616
90.000000	901.197392	911.829521	1010.960076
90.500000	898.843787	915.690802	1008.238727
91.000000	896.307955	951.335512	1005.334338
91.500000	893.588711	860.267572	1002.245719
92.000000	890.684911	899.425668	998.971721
92.500000	887.595453	892.767519	995.511237
93.000000	884.319278	874.071959	991.863204
93.500000	880.855373	868.245863	988.026603
94.000000	877.202767	847.161618	984.000460
94.500000	873.360540	867.585513	979.783851
95.000000	869.327818	915.744710	975.375897
95.500000	865.103775	940.166116	970.775769
96.000000	860.687638	834.183018	965.982690
96.500000	856.078682	820.528138	960.995933
97.000000	851.276238	801.149702	955.814825
97.500000	846.279689	865.959093	950.438746
98.000000	841.088472	873.445417	944.867132
98.500000	835.702083	808.494087	939.099474
99.000000	830.120072	822.932282	933.135323
99.500000	824.342049	800.144801	926.974286
100.000000	818.367684	770.699094	920.616031
100.500000	812.196707	818.462216	914.060287
101.000000	805.828911	809.604815	907.306846
101.500000	799.264149	783.285384	900.355562
102.000000	792.502341	805.995678	893.206353
102.500000	785.543472	791.965165	885.859205
103.000000	778.387593	782.774136	878.314167
103.500000	771.034821	754.551384	870.571358
104.000000	763.485343	763.211528	862.630967
104.500000	755.739415	785.161615	854.493250
105.000000	747.797366	732.450467	846.158536
105.500000	739.659592	762.054758	837.627226
106.000000	731.326567	713.003922	828.899793
106.500000	722.798835	712.939545	819.976786
107.000000	714.077016	702.092021	810.858826
107.500000	705.161807	800.432823	801.546614
108.000000	696.053981	734.572528	792.040925
108.500000	686.754388	716.834689	782.342615
109.000000	677.263956	727.175340	772.452615
109.500000	667.583697	660.417908	762.371940
110.000000	657.714698	746.220677	752.101685
110.500000	647.658130	641.974242	741.643024
111.000000	637.415246	595.885596	730.997217
111.500000	626.987384	588.046282	720.165606
112.000000	616.375962	636.693756	709.149617
112.500000	605.582485	636.029156	697.950762
113.000000	594.608544	599.667581	686.570637
113.500000	583.455814	581.830811	675.010927
114.000000	572.126059	601.193052	663.273401
114.500000	560.621129	583.337733	651.359920
115.000000	548.942962	514.482166	639.272430
115.500000	537.093587	537.631793	627.012967
116.000000	525.075119	602.025736	614.583659
116.500000	512.889766	477.621731	601.986720
117.000000	500.539823	536.150274	589.224458
117.500000	488.027679	455.931799	576.299271
118.000000	475.355812	472.291695	563.213649
118.500000	462.526792	453.886752	549.970174
119.000000	449.543282	452.889832	536.571519
119.500000	436.408036	437.543347	523.020453
120.000000	423.123901	440.037703	509.319833
120.500000	409.693817	416.072025	495.472614
121.000000	396.120817	358.405791	481.481840
121.500000	382.408026	392.214965	467.350653
122.000000	368.558662	372.251547	453.082284
122.500000	354.576038	334.204010	438.680060
123.000000	340.463559	306.619753	424.147403
123.500000	326.224722	381.863636	409.487824
124.000000	311.863119	363.420406	394.704932
124.500000	297.382434	288.925836	379.802426
125.000000	282.786444	258.289414	364.784101
125.500000	268.079016	295.578288	349.653842
126.000000	253.264112	257.325639	334.415627
126.500000	238.345784	279.358908	319.073527
127.000000	223.328177	177.352041	303.631705
127.500000	208.215523	216.138321	288.094414
128.000000	193.012149	231.781782	272.465997
128.500000	177.722469	169.327803	256.750889
129.000000	162.350985	172.072837	240.953612
129.500000	146.902289	117.468616	225.078779
130.000000	131.381059	154.177707	209.131089
130.500000	115.792062	134.473055	193.115330
131.000000	100.140148	85.263354	177.036373
131.500000	84.430253	59.096361	160.899176
132.000000	68.667396	67.729395	144.708782
132.500000	52.856680	-2.754805	128.470314
133.000000	37.003288	-16.984365	112.188980
133.500000	21.112482	-27.731302	95.870067
134.000000	5.189607	23.432987	79.518940
134.500000	-10.759919	-8.828114	63.141044
135.000000	-26.730598	23.131236	46.741900
135.500000	-42.716862	-90.171602	30.327103
136.000000	-58.713065	-31.732284	13.902322
136.500000	-74.713493	-81.572959	-2.526704
137.000000	-90.712362	-25.793850	-18.954162
137.500000	-106.703818	-90.648536	-35.374176
138.000000	-122.681944	-79.281111	-51.780799
138.500000	-138.640756	-154.700922	-68.168023
139.000000	-154.574211	-99.450786	-84.529776
139.500000	-170.476202	-169.124894	-100.859926
140.000000	-186.340569	-204.346239	-117.152283
140.500000	-202.161092	-187.504586	-133.400601
141.000000	-217.931500	-265.764783	-149.598580
141.500000	-233.645470	-126.772179	-165.739870
142.000000	-249.296630	-259.201722	-181.818070
142.500000	-264.878564	-319.416093	-197.826735
143.000000	-280.384810	-370.865077	-213.759374
143.500000	-295.808866	-309.682848	-229.609457
144.000000	-311.144192	-253.670488	-245.370415
144.500000	-326.384213	-351.966129	-261.035642
145.000000	-341.522320	-383.998305	-276.598501
145.500000	-356.551876	-320.014460	-292.052324
146.000000	-371.466215	-353.817138	-307.390418
146.500000	-386.258651	-297.620749	-322.606064
147.000000	-400.922475	-461.259869	-337.692525
147.500000	-415.450960	-391.445295	-352.643043
148.000000	-429.837367	-427.059700	-367.450851
148.500000	-444.074946	-342.936947	-382.109166
149.000000	-458.156939	-548.385816	-396.611202
149.500000	-472.076585	-491.250546	-410.950166
150.000000	-485.827121	-402.698002	-425.119267
150.500000	-499.401790	-462.352541	-439.111716
151.000000	-512.793839	-545.715973	-452.920731
151.500000	-525.996528	-503.052215	-466.539543
152.000000	-539.003131	-510.512346	-479.961393
152.500000	-551.806940	-641.334194	-493.179544
153.000000	-564.401268	-578.951604	-506.187282
153.500000	-576.779456	-573.917563	-518.977915
154.000000	-588.934874	-599.926319	-531.544784
154.500000	-600.860926	-574.959646	-543.881265
155.000000	-612.551054	-521.432031	-555.980770
155.500000	-623.998744	-543.001744	-567.836757
156.000000	-635.197527	-604.401281	-579.442726
156.500000	-646.140986	-616.893563	-590.792232
157.000000	-656.822756	-643.136166	-601.878883
157.500000	-667.236536	-681.022027	-612.696349
158.000000	-677.376085	-661.048454	-623.238360
158.500000	-687.235232	-572.168397	-633.498720
159.000000	-696.807878	-762.085193	-643.471300
159.500000	-706.087999	-698.653902	-653.150052
160.000000	-715.069657	-749.769791	-662.529010
160.500000	-723.746995	-730.132810	-671.602291
161.000000	-732.114251	-782.970025	-680.364106
161.500000	-740.165753	-738.345306	-688.808761
162.000000	-747.895934	-778.036905	-696.930661
162.500000	-755.299327	-735.373130	-704.724316
163.000000	-762.370575	-784.928292	-712.184345
163.500000	-769.104436	-812.131968	-719.305482
164.000000	-775.495784	-759.537312	-726.082579
164.500000	-781.539615	-791.590613	-732.510611
165.000000	-787.231056	-766.023607	-738.584679
165.500000	-792.565361	-789.764623	-744.300020
166.000000	-797.537923	-860.735940	-749.652005
166.500000	-802.144277	-890.893520	-754.636149
167.000000	-806.380101	-709.689171	-759.248111
167.500000	-810.241225	-818.388603	-763.483701
168.000000	-813.723632	-893.161662	-767.338886
168.500000	-816.823467	-748.369061	-770.809793
169.000000	-819.537035	-739.460217	-773.892711
169.500000	-821.860812	-866.862281	-776.584099
170.000000	-823.791445	-796.673338	-778.880591
170.500000	-825.325759	-833.191306	-780.778996
171.000000	-826.460759	-864.561334	-782.276307
171.500000	-827.193636	-842.810639	-783.369702
172.000000	-827.521772	-763.308705	-784.056551
172.500000	-827.442741	-828.215334	-784.334417
173.000000	-826.954316	-916.082742	-784.201063
173.500000	-826.054472	-861.035507	-783.654456
174.000000	-824.741390	-804.056670	-782.692769
174.500000	-823.013460	-798.142565	-781.314383
175.000000	-820.869287	-861.382158	-779.517899
175.500000	-818.307694	-816.430844	-777.302133
176.000000	-815.327724	-734.874613	-774.666125
176.500000	-811.928644	-842.747150	-771.609138
177.000000	-808.109952	-755.243177	-768.130667
177.500000	-803.871374	-844.467482	-764.230439
178.000000	-799.212874	-772.577739	-759.908415
178.500000	-794.134652	-799.219014	-755.164799
179.000000	-788.637150	-815.240968	-750.000033
179.500000	-782.721054	-707.921899	-744.414806
180.000000	-776.387296	-687.842409	-738.410054
180.500000	-769.637058	-720.147979	-731.986966
181.000000	-762.471774	-712.709534	-725.146981
181.500000	-754.893132	-655.082525	-717.891795
182.000000	-746.903078	-818.098985	-710.223361
182.500000	-738.503814	-775.758591	-702.143894
183.000000	-729.697806	-646.552162	-693.655869
183.500000	-720.487781	-802.394485	-684.762026
184.000000	-710.876731	-785.765192	-675.465368
184.500000	-700.867912	-742.966342	-665.769168
185.000000	-690.464849	-650.573035	-655.676967
185.500000	-679.671335	-607.702119	-645.192573
186.000000	-668.491431	-719.029410	-634.320066
186.500000	-656.929470	-699.147942	-623.063799
187.000000	-644.990054	-602.235598	-611.428394
187.500000	-632.678058	-554.770082	-599.418747
188.000000	-619.998627	-587.407447	-587.040026
188.500000	-606.957178	-571.630043	-574.297674
189.000000	-593.559399	-607.803272	-561.197402
189.500000	-579.811250	-633.652388	-547.745198
190.000000	-565.718960	-586.133753	-533.947320
190.500000	-551.289030	-644.661565	-519.810295
191.000000	-536.528228	-555.753682	-505.340922
191.500000	-521.443590	-490.130672	-490.546270
192.000000	-506.042418	-518.384974	-475.433673
192.500000	-490.332281	-519.100112	-460.010732
193.000000	-474.321008	-498.709458	-444.285312
193.500000	-458.016689	-394.177751	-428.265540
194.000000	-441.427674	-483.397737	-411.959803
194.500000	-424.562568	-428.457044	-395.376744
195.000000	-407.430231	-355.492087	-378.525261
195.500000	-390.039770	-411.156810	-361.414505
196.000000	-372.400542	-382.724659	-344.053871
196.500000	-354.522147	-399.398902	-326.453004
197.000000	-336.414423	-348.017644	-308.621786
197.500000	-318.087447	-303.970492	-290.570338
198.000000	-299.551526	-267.300906	-272.309013
198.500000	-280.817195	-322.582140	-253.848393
199.000000	-261.895211	-228.921005	-235.199283
199.500000	-242.796549	-210.258436	-216.372708
200.000000	-223.532399	-199.105988	-197.379907
200.500000	-204.114155	-190.541235	-178.232324
201.000000	-184.553414	-171.384712	-158.941611
201.500000	-164.861971	-264.133163	-139.519611
202.000000	-145.051807	-123.771792	-119.978361
202.500000	-125.135090	-103.161844	-100.330083
203.000000	-105.124161	-115.632203	-80.587173
203.500000	-85.031534	-113.500474	-60.762200
204.000000	-64.869885	-168.714072	-40.867898
204.500000	-44.652044	-56.588313	-20.917153
205.000000	-24.390991	-20.786224	-0.923004
205.500000	-4.099846	23.041410	19.101372
206.000000	16.208140	16.287586	39.142664
206.500000	36.519592	45.129195	59.187436
207.000000	56.821017	13.093027	79.222138
207.500000	77.098819	126.000339	99.233111
208.000000	97.339301	110.022535	119.206598
208.500000	117.528679	37.184245	139.128753
209.000000	137.653089	91.490880	158.985650
209.500000	157.698596	191.653788	178.763292
210.000000	177.651207	234.829443	198.447624
210.500000	197.496876	238.919090	218.024538
211.000000	217.221520	191.021632	237.479885
211.500000	236.811022	215.638666	256.799489
212.000000	256.251249	226.594650	275.969152
212.500000	275.528057	211.051219	294.974669
213.000000	294.627306	316.823606	313.801833
213.500000	313.534867	346.106616	332.436456
214.000000	332.236636	401.409643	350.864368
214.500000	350.718545	404.950460	369.071440
215.000000	368.966570	377.396977	387.043585
215.500000	386.966749	394.781222	404.766778
216.000000	404.705186	405.953384	422.227063
216.500000	422.168069	496.053368	439.410565
217.000000	439.341678	516.714979	456.303504
217.500000	456.212401	440.962745	472.892206
218.000000	472.766740	529.193268	489.163113
218.500000	488.991329	447.663781	505.102799
219.000000	504.872942	502.771503	520.697980
219.500000	520.398507	557.449697	535.935526
220.000000	535.555120	421.947518	550.802474
220.500000	550.330054	532.486208	565.286041
221.000000	564.710772	561.947787	579.373634
221.500000	578.684941	601.409548	593.052866
222.000000	592.240444	595.695960	606.311565
222.500000	605.365392	618.389554	619.137788
223.000000	618.048133	585.913917	631.519834
223.500000	630.277271	595.725228	643.446253
224.000000	642.041674	677.678824	654.905864
224.500000	653.330484	582.468090	665.887763
225.000000	664.133134	636.010965	676.381333
225.500000	674.439358	753.850785	686.376264
226.000000	684.239201	689.870910	695.862556
226.500000	693.523035	783.760585	704.830538
227.000000	702.281567	698.623214	713.270875
227.500000	710.505850	712.907399	721.174582
228.000000	718.187298	710.412937	728.533033
228.500000	725.317697	708.056722	735.337977
229.000000	731.889210	762.327407	741.581543
229.500000	737.894395	711.364624	747.256257
230.000000	743.326214	723.567613	752.355048
230.500000	748.178041	826.264739	756.871259
231.000000	752.443672	748.326961	760.798661
231.500000	756.117339	729.537853	764.131460
232.000000	759.193716	852.530887	766.864306
232.500000	761.667931	797.777597	768.992304
233.000000	763.535573	611.000436	770.511024
233.500000	764.792700	817.159170	771.416508
234.000000	765.435853	810.947960	771.705278
234.500000	765.462057	732.638873	771.374349
235.000000	764.868833	825.836644	770.421231
235.500000	763.654207	796.823784	768.843939
236.000000	761.816712	756.130445	766.641001
236.500000	759.355400	708.583782	763.811465
237.000000	756.269845	710.306914	760.354901
237.500000	752.560151	639.417003	756.271415
238.000000	748.226954	737.878932	751.561647
238.500000	743.271434	760.266830	746.226780
239.000000	737.695311	743.553338	740.268543
239.500000	731.500857	642.842544	733.689217
240.000000	724.690894	769.651333	726.491638
240.500000	717.268801	708.918642	718.679200
241.000000	709.238515	749.976401	710.255857
241.500000	700.604535	802.951846	701.226127
242.000000	691.371919	696.181745	691.595093
242.500000	681.546293	651.884195	681.368403
243.000000	671.133843	692.901945	670.552274
243.500000	660.141324	752.842131	659.153488
244.000000	648.576052	647.680713	647.179396
244.500000	636.445908	636.564115	634.637913
245.000000	623.759333	642.328848	621.537518
245.500000	610.525330	703.479739	607.887254
246.000000	596.753458	551.418785	593.696722
246.500000	582.453829	547.203946	578.976080
247.000000	567.637106	465.388355	563.736038
247.500000	552.314498	663.004220	547.987855
248.000000	536.497752	469.209151	531.743332
248.500000	520.199154	530.802391	515.014807
249.000000	503.431515	486.085836	497.815149
249.500000	486.208169	572.596051	480.157753
250.000000	468.542965	468.682779	462.056529
250.500000	450.450258	472.104778	443.525895
251.000000	431.944899	396.683561	424.580769
251.500000	413.042229	348.084966	405.236561
252.000000	393.758066	424.007737	385.509158
252.500000	374.108697	353.746347	365.414921
253.000000	354.110863	416.593741	344.970665
253.500000	333.781752	377.594301	324.193655
254.000000	313.138983	261.439109	303.101588
254.500000	292.200595	304.225910	281.712584
255.000000	270.985031	241.110614	260.045169
255.500000	249.511128	108.603186	238.118261
256.000000	227.798096	154.567532	215.951159
256.500000	205.865509	178.414075	193.563523
257.000000	183.733284	208.689728	170.975359
257.500000	161.421669	164.942503	148.207005
258.000000	138.951222	82.706662	125.279110
258.500000	116.342794	58.426786	102.212620
259.000000	93.617515	-9.296705	79.028756
259.500000	70.796767	127.036560	55.748999
260.000000	47.902174	136.203201	32.395067
260.500000	24.955575	-33.054233	8.988898
261.000000	1.979011	29.864064	-14.447371
261.500000	-21.005305	34.992846	-37.891426
262.000000	-43.975001	-62.374791	-61.320795
262.500000	-66.907569	-139.874772	-84.712872
263.000000	-89.780393	-150.678463	-108.044937
263.500000	-112.570763	-128.476251	-131.294181
264.000000	-135.255902	-99.063813	-154.437726
264.500000	-157.812991	-150.083234	-177.452649
265.000000	-180.219189	-140.748963	-200.316007
265.500000	-202.451655	-179.724334	-223.004860
266.000000	-224.487579	-158.190868	-245.496294
266.500000	-246.304202	-201.279122	-267.767448
267.000000	-267.878837	-171.710664	-289.795536
267.500000	-289.188901	-262.579352	-311.557874
268.000000	-310.211937	-268.532404	-333.031903
268.500000	-330.925636	-454.721041	-354.195216
269.000000	-351.307867	-313.161440	-375.025584
269.500000	-371.336701	-358.431647	-395.500978
270.000000	-390.990434	-209.553121	-415.599598
270.500000	-410.247616	-343.204110	-435.299900
271.000000	-429.087076	-344.100955	-454.580616
271.500000	-447.487943	-505.804837	-473.420784
272.000000	-465.429680	-523.523244	-491.799775
272.500000	-482.892103	-702.144800	-509.697313
273.000000	-499.855406	-346.657379	-527.093507
273.500000	-516.300191	-464.610814	-543.968871
274.000000	-532.207492	-504.844470	-560.304354
274.500000	-547.558795	-424.397372	-576.081359
275.000000	-562.336069	-570.929233	-591.281776
275.500000	-576.521786	-653.388588	-605.887998
276.000000	-590.098948	-619.245649	-619.882952
276.500000	-603.051111	-657.813072	-633.250119
277.000000	-615.362406	-620.885939	-645.973561
277.500000	-627.017562	-596.407046	-658.037938
278.000000	-638.001933	-748.895941	-669.428540
278.500000	-648.301517	-618.237880	-680.131300
279.000000	-657.902977	-617.539986	-690.132823
279.500000	-666.793664	-626.665549	-699.420404
280.000000	-674.961637	-554.050055	-707.982048
280.500000	-682.395683	-631.725020	-715.806493
281.000000	-689.085338	-883.019462	-722.883227
281.500000	-695.020903	-672.755440	-729.202509
282.000000	-700.193464	-712.616572	-734.755385
282.500000	-704.594910	-680.995538	-739.533707
283.000000	-708.217947	-855.631239	-743.530149
283.500000	-711.056117	-715.624004	-746.738225
284.000000	-713.103811	-696.321024	-749.152299
284.500000	-714.356284	-751.918944	-750.767606
285.000000	-714.809667	-635.457934	-751.580261
285.500000	-714.460982	-725.322476	-751.587271
286.000000	-713.308152	-773.127966	-750.786549
286.500000	-711.350009	-651.442487	-749.176925
287.000000	-708.586309	-558.751113	-746.758151
287.500000	-705.017736	-684.583606	-743.530915
288.000000	-700.645912	-696.272898	-739.496845
288.500000	-695.473400	-720.300860	-734.658519
289.000000	-689.503715	-623.199892	-729.019464
289.500000	-682.741322	-794.931718	-722.584166
290.000000	-675.191644	-700.296820	-715.358073
290.500000	-666.861060	-604.027354	-707.347592
291.000000	-657.756909	-668.190445	-698.560094
291.500000	-647.887487	-556.961935	-689.003913
292.000000	-637.262048	-579.312035	-678.688344
292.500000	-625.890799	-636.849613	-667.623638
293.000000	-613.784894	-640.757844	-655.821002
293.500000	-600.956434	-556.724008	-643.292589
294.000000	-587.418458	-552.653689	-630.051494
294.500000	-573.184931	-517.547866	-616.111749
295.000000	-558.270742	-492.104231	-601.488305
295.500000	-542.691688	-603.307927	-586.197032
296.000000	-526.464465	-364.579075	-570.254700
296.500000	-509.606654	-385.423446	-553.678968
297.000000	-492.136707	-514.518661	-536.488371
297.500000	-474.073932	-597.154198	-518.702301
298.000000	-455.438474	-603.654594	-500.340996
298.500000	-436.251301	-248.665090	-481.425515
299.000000	-416.534180	-356.863232	-461.977723
299.500000	-396.309658	-462.317554	-442.020267
300.000000	-375.601043	-450.087871	-421.576560
300.500000	-354.432375	-204.199338	-400.670749
301.000000	-332.828409	-446.629742	-379.327698
301.500000	-310.814581	-164.002113	-357.572958
302.000000	-288.416989	-238.416823	-335.432742
302.500000	-265.662360	-207.107842	-312.933898
303.000000	-242.578023	-267.036262	-290.103875
303.500000	-219.191879	-145.186270	-266.970700
304.000000	-195.532369	-197.429466	-243.562939
304.500000	-171.628440	-154.628788	-219.909670
305.000000	-147.509517	-40.423443	-196.040448
305.500000	-123.205461	-193.635677	-171.985268
306.000000	-98.746541	-94.474282	-147.774532
306.500000	-74.163392	-296.733489	-123.439014
307.000000	-49.486980	60.593194	-99.009817
307.500000	-24.748567	-34.225941	-74.518342
308.000000	0.020335	177.967965	-49.996243
308.500000	24.787996	31.814203	-25.475391
309.000000	49.522514	143.217692	-0.987829
309.500000	74.191852	-53.603376	23.434263
310.000000	98.763884	127.725096	47.758614
310.500000	123.206433	59.368103	71.952905
311.000000	147.487315	141.177693	95.984809
311.500000	171.574386	168.355201	119.822037
312.000000	195.435579	217.898872	143.432380
312.500000	219.038954	185.026215	166.783755
313.000000	242.352739	148.811360	189.844248
313.500000	265.345374	287.732048	212.582161
314.000000	287.985561	186.940221	234.966052
314.500000	310.242301	377.813404	256.964788
315.000000	332.084946	405.659137	278.547582
315.500000	353.483239	439.087436	299.684042
316.000000	374.407362	497.322854	320.344218
316.500000	394.827979	319.411314	340.498644
317.000000	414.716282	474.159365	360.118381
317.500000	434.044033	452.640261	379.175067
318.000000	452.783610	463.196874	397.640955
318.500000	470.908048	523.973019	415.488962
319.000000	488.391085	350.902485	432.692709
319.500000	505.207204	419.688182	449.226562
320.000000	521.331671	616.003682	465.065681
320.500000	536.740581	439.440396	480.186051
321.000000	551.410897	514.932809	494.564533
321.500000	565.320485	537.289871	508.178896
322.000000	578.448160	635.515178	521.007859
322.500000	590.773719	593.651312	533.031130
323.000000	602.277979	668.479546	544.229439
323.500000	612.942811	548.208751	554.584576
324.000000	622.751175	637.915294	564.079427
324.500000	631.687156	682.951730	572.698005
325.000000	639.735990	568.571825	580.425480
325.500000	646.884101	760.708180	587.248216
326.000000	653.119124	589.509010	593.153791
326.500000	658.429935	628.148602	598.131035
327.000000	662.806679	705.767394	602.170045
327.500000	666.240789	703.555288	605.262219
328.000000	668.725014	492.342218	607.400272
328.500000	670.253437	708.014521	608.578260
329.000000	670.821494	744.205521	608.791600
329.500000	670.425991	695.077643	608.037084
330.000000	669.065121	790.774815	606.312897
330.500000	666.738477	502.263733	603.618628
331.000000	663.447060	683.076011	599.955285
331.500000	659.193294	695.544884	595.325301
332.000000	653.981028	595.375057	589.732544
332.500000	647.815545	569.782429	583.182318
333.000000	640.703561	649.953801	575.681372
333.500000	632.653232	705.300265	567.237897
334.000000	623.674147	637.256974	557.861522
334.500000	613.777323	469.835711	547.563319
335.000000	602.975209	636.851774	536.355787
335.500000	591.281666	560.884543	524.252852
336.000000	578.711963	597.606345	511.269850
336.500000	565.282766	828.615632	497.423521
337.000000	551.012117	518.783781	482.731988
337.500000	535.919420	840.139235	467.214742
338.000000	520.025424	551.346474	450.892624
338.500000	503.352197	533.592876	433.787799
339.000000	485.923101	554.495825	415.923736
339.500000	467.762771	444.392776	397.325178
340.000000	448.897081	405.674826	378.018114
340.500000	429.353116	538.078269	358.029750
341.000000	409.159134	443.950537	337.388472
341.500000	388.344539	533.115252	316.123814
342.000000	366.939836	496.259714	294.266415
342.500000	344.976593	312.019524	271.847986
343.000000	322.487400	308.754033	248.901262
343.500000	299.505827	300.568721	225.459962
344.000000	276.066371	247.541813	201.558738
344.500000	252.204418	409.132797	177.233132
345.000000	227.956185	263.377536	152.519524
345.500000	203.358672	242.477539	127.455079
346.000000	178.449608	181.262291	102.077694
346.500000	153.267396	290.668203	76.425942
347.000000	127.851056	38.984602	50.539019
347.500000	102.240167	26.809338	24.456678
348.000000	76.474805	229.567130	-1.780823
348.500000	50.595486	-95.737309	-28.132791
349.000000	24.643098	-19.084129	-54.558152
349.500000	-1.341156	-93.160625	-81.015522
350.000000	-27.315829	-63.791483	-107.463269
350.500000	-53.239295	172.975858	-133.859579
351.000000	-79.069811	-261.562441	-160.162525
351.500000	-104.765591	-72.912429	-186.330135
352.000000	-130.284870	-100.616299	-212.320457
352.500000	-155.585977	-72.631550	-238.091633
353.000000	-180.627399	-35.028067	-263.601968
353.500000	-205.367858	-99.871464	-288.809996
354.000000	-229.766374	-211.311587	-313.674557
354.500000	-253.782342	-342.395004	-338.154864
355.000000	-277.375596	-257.467418	-362.210572
355.500000	-300.506485	-248.487121	-385.801854
356.000000	-323.135940	-71.332239	-408.889466
356.500000	-345.225545	-198.178982	-431.434820
357.000000	-366.737606	-332.875578	-453.400055
357.500000	-387.635218	-500.243244	-474.748100
358.000000	-407.882336	-421.888940	-495.442752
358.500000	-427.443841	-411.658021	-515.448733
359.000000	-446.285605	-455.773618	-534.731765
359.500000	-464.374560	-532.988011	-553.258629
360.000000	-481.678755	-386.914275	-570.997235
360.500000	-498.167426	-379.967392	-587.916681
361.000000	-513.811052	-511.737299	-603.987313
361.500000	-528.581418	-342.972560	-619.180790
362.000000	-542.451667	-523.421338	-633.470138
362.500000	-555.396365	-484.573153	-646.829808
363.000000	-567.391546	-700.740966	-659.235726
363.500000	-578.414769	-480.885468	-670.665351
364.000000	-588.445164	-633.017893	-681.097723
364.500000	-597.463485	-444.064993	-690.513507
365.000000	-605.452147	-523.763665	-698.895041
365.500000	-612.395276	-498.917783	-706.226379
366.000000	-618.278741	-872.400151	-712.493330
366.500000	-623.090199	-484.149297	-717.683492
367.000000	-626.819122	-633.528499	-721.786291
367.500000	-629.456830	-744.023246	-724.793011
368.000000	-630.996522	-616.611337	-726.696818
368.500000	-631.433298	-772.689449	-727.492791
369.000000	-630.764179	-588.177533	-727.177939
369.500000	-628.988131	-786.276204	-725.751220
370.000000	-626.106073	-536.608940	-723.213561
370.500000	-622.120895	-612.499659	-719.567862
371.000000	-617.037460	-646.705047	-714.819009
371.500000	-610.862614	-702.738087	-708.973879
372.000000	-603.605184	-599.845325	-702.041337
372.500000	-595.275975	-501.451864	-694.032237
373.000000	-585.887765	-590.824869	-684.959413
373.500000	-575.455294	-336.801188	-674.837673
374.000000	-563.995251	-690.706766	-663.683778
374.500000	-551.526256	-414.653817	-651.516431
375.000000	-538.068837	-622.593927	-638.356255
375.500000	-523.645410	-499.699869	-624.225762
376.000000	-508.280245	-607.973614	-609.149331
376.500000	-491.999435	-423.035124	-593.153173
377.000000	-474.830861	-205.813738	-576.265293
377.500000	-456.804153	-410.894685	-558.515451
378.000000	-437.950641	-345.221728	-539.935119
378.500000	-418.303316	-410.325389	-520.557435
379.000000	-397.896774	-280.909098	-500.417147
379.500000	-376.767160	-277.350618	-479.550564
380.000000	-354.952118	-403.894990	-457.995496
380.500000	-332.490722	-457.380036	-435.791192
381.000000	-309.423417	-237.495985	-412.978277
381.500000	-285.791950	-397.145904	-389.598685
382.000000	-261.639299	-367.720008	-365.695584
382.500000	-237.009599	-418.164517	-341.313308
383.000000	-211.948069	-183.094563	-316.497276
383.500000	-186.500929	-293.439375	-291.293914
384.000000	-160.715320	-257.060251	-265.750574
384.500000	-134.639220	-166.720328	-239.915447
385.000000	-108.321358	-72.543965	-213.837481
385.500000	-81.811122	-65.987241	-187.566283
386.000000	-55.158475	-329.163002	-161.152038
386.500000	-28.413853	98.562914	-134.645409
387.000000	-1.628078	-183.032731	-108.097444
387.500000	25.147740	40.821983	-81.559479
388.000000	51.862302	-8.429207	-55.083044
388.500000	78.464217	-116.988127	-28.719758
389.000000	104.902103	96.484507	-2.521232
389.500000	131.124687	164.490106	23.461031
390.000000	157.080905	44.743959	49.175740
390.500000	182.720003	86.585456	74.571916
391.000000	207.991643	150.492081	99.598996
391.500000	232.846001	277.450412	124.206932
392.000000	257.233870	237.458823	148.346299
392.500000	281.106761	249.202940	171.968392
393.000000	304.417004	488.070091	195.025328
393.500000	327.117847	598.692903	217.470147
394.000000	349.163557	483.521223	239.256912
394.500000	370.509518	420.525885	260.340806
395.000000	391.112322	351.554417	280.678230
395.500000	410.929870	230.079905	300.226898
396.000000	429.921464	447.742984	318.945927
396.500000	448.047891	504.675918	336.795932
397.000000	465.271522	394.399447	353.739115
397.500000	481.556388	363.220742	369.739348
398.000000	496.868271	431.055059	384.762258
398.500000	511.174779	537.799831	398.775310
399.000000	524.445424	461.418523	411.747881
399.500000	536.651701	459.583628	423.651337
400.000000	547.767150	319.703205	434.459102
400.500000	557.767432	501.261085	444.146727
401.000000	566.630384	696.522209	452.691950
401.500000	574.336082	378.946868	460.074759
402.000000	580.866896	623.274561	466.277445
402.500000	586.207539	609.105058	471.284652
403.000000	590.345112	699.169037	475.083426
403.500000	593.269150	601.575275	477.663253
404.000000	594.971652	781.069762	479.016096
404.500000	595.447116	662.706147	479.136431
405.000000	594.692567	525.318511	478.021268
405.500000	592.707575	521.526029	475.670175
406.000000	589.494275	481.559569	472.085297
406.500000	585.057374	444.802937	467.271362
407.000000	579.404159	671.384720	461.235689
407.500000	572.544495	642.141200	453.988188
408.000000	564.490824	368.177176	445.541354
408.500000	555.258146	393.239824	435.910258
409.000000	544.864013	404.994435	425.112527
409.500000	533.328496	587.500151	413.168322
410.000000	520.674163	437.744311	400.100312
410.500000	506.926046	391.376054	385.933642
411.000000	492.111599	532.308191	370.695886
411.500000	476.260654	370.562744	354.417011
412.000000	459.405373	492.637537	337.129321
412.500000	441.580189	153.559754	318.867402
413.000000	422.821746	185.873818	299.668065
413.500000	403.168835	376.644951	279.570270
414.000000	382.662318	280.268404	258.615063
414.500000	361.345055	268.102023	236.845494
415.000000	339.261820	422.623637	214.306538
415.500000	316.459213	210.524378	191.045002
416.000000	292.985573	408.160577	167.109441
416.500000	268.890877	571.316752	142.550055
417.000000	244.226643	67.578355	117.418592
417.500000	219.045825	75.463962	91.768240
418.000000	193.402700	-106.298232	65.653520
418.500000	167.352763	266.124054	39.130175
419.000000	140.952604	281.754332	12.255045
419.500000	114.259792	-22.878707	-14.914042
420.000000	87.332753	-71.749941	-42.318402
420.500000	60.230640	165.152466	-69.898615
421.000000	33.013211	-3.573101	-97.594659
421.500000	5.740694	-47.204264	-125.346036
422.000000	-21.526344	154.651899	-153.091910
422.500000	-48.727132	-295.087453	-180.771239
423.000000	-75.800830	-22.270304	-208.322910
423.500000	-102.686666	-194.411341	-235.685883
424.000000	-129.324077	-99.320018	-262.799322
424.500000	-155.652843	-278.669674	-289.602740
425.000000	-181.613229	-200.187156	-316.036135
425.500000	-207.146123	-50.597085	-342.040133
426.000000	-232.193176	-173.240279	-367.556123
426.500000	-256.696936	-153.967670	-392.526397
427.000000	-280.600990	-201.201679	-416.894291
427.500000	-303.850095	-304.481936	-440.604316
428.000000	-326.390313	-369.243082	-463.602292
428.500000	-348.169144	-163.291246	-485.835488
429.000000	-369.135656	-277.732559	-507.252741
429.500000	-389.240608	-477.430578	-527.804592
430.000000	-408.436577	-489.673529	-547.443407
430.500000	-426.678077	-619.242156	-566.123498
431.000000	-443.921678	-572.859309	-583.801239
431.500000	-460.126114	-402.045934	-600.435182
432.000000	-475.252398	-639.010710	-615.986165
432.500000	-489.263919	-343.840932	-630.417415
433.000000	-502.126548	-581.898004	-643.694649
433.500000	-513.808726	-654.142711	-655.786169
434.000000	-524.281557	-525.152825	-666.662949
434.500000	-533.518889	-689.753160	-676.298720
435.000000	-541.497390	-433.452377	-684.670047
435.500000	-548.196619	-625.158194	-691.756399
436.000000	-553.599096	-797.162747	-697.540215
436.500000	-557.690349	-606.519742	-702.006961
437.000000	-560.458974	-593.357929	-705.145182
437.500000	-561.896677	-590.930712	-706.946545
438.000000	-561.998306	-1044.814832	-707.405877
438.500000	-560.761888	-530.884354	-706.521195
439.000000	-558.188644	-557.687525	-704.293726
439.500000	-554.283006	-651.432975	-700.727922
440.000000	-549.052625	-578.776642	-695.831468
440.500000	-542.508369	-113.679666	-689.615280
441.000000	-534.664310	-346.313834	-682.093494
441.500000	-525.537714	-595.773683	-673.283451
442.000000	-515.149009	-441.576240	-663.205671
442.500000	-503.521758	-461.803013	-651.883823
443.000000	-490.682612	-442.181776	-639.344675
443.500000	-476.661267	-499.455043	-625.618057
444.000000	-461.490402	-563.178851	-610.736794
444.500000	-445.205620	-439.193455	-594.736645
445.000000	-427.845368	-549.718643	-577.656232
445.500000	-409.450866	-200.433157	-559.536957
446.000000	-390.066013	-374.451930	-540.422914
446.500000	-369.737293	-485.778984	-520.360796
447.000000	-348.513677	-92.851487	-499.399791
447.500000	-326.446508	-430.041851	-477.591473
448.000000	-303.589392	-241.261530	-454.989685
448.500000	-279.998071	-226.810415	-431.650417
449.000000	-255.730296	-209.135430	-407.631678
449.500000	-230.845690	-161.705627	-382.993360
450.000000	-205.405615	-201.160692	-357.797095
450.500000	-179.473018	-48.615458	-332.106111
451.000000	-153.112284	-204.489548	-305.985081
451.500000	-126.389082	-62.052576	-279.499967
452.000000	-99.370201	-269.443713	-252.717857
452.500000	-72.123392	2.186296	-225.706801
453.000000	-44.717194	26.865937	-198.535645
453.500000	-17.220768	69.235154	-171.273860
454.000000	10.296279	48.285096	-143.991362
454.500000	37.764068	-186.075342	-116.758341
455.000000	65.112627	89.603861	-89.645081
455.500000	92.272071	185.440172	-62.721780
456.000000	119.172783	214.753450	-36.058365
456.500000	145.745589	137.887125	-9.724317
457.000000	171.921950	243.188892	16.211516
457.500000	197.634130	209.729851	41.681100
458.000000	222.815387	319.665323	66.617393
458.500000	247.400145	704.931557	90.954528
459.000000	271.324173	499.430935	114.627986
459.500000	294.524759	311.950883	137.574776
460.000000	316.940882	209.771276	159.733605
460.500000	338.513378	176.537875	181.045046
461.000000	359.185111	558.936885	201.451705
461.500000	378.901124	381.353517	220.898384
462.000000	397.608803	324.346645	239.332234
462.500000	415.258025	461.083800	256.702906
463.000000	431.801301	391.420442	272.962700
463.500000	447.193916	651.924960	288.066703
464.000000	461.394064	564.921531	301.972921
464.500000	474.362971	490.529589	314.642408
465.000000	486.065013	512.679677	326.039381
465.500000	496.467828	526.623105	336.131333
466.000000	505.542420	571.411684	344.889140
466.500000	513.263250	583.192306	352.287149
467.000000	519.608325	471.299350	358.303268
467.500000	524.559272	568.690044	362.919041
468.000000	528.101405	669.043426	366.119720
468.500000	530.223787	253.816678	367.894316
469.000000	530.919272	419.891194	368.235653
469.500000	530.184547	689.952581	367.140402
470.000000	528.020159	738.120491	364.609113
470.500000	524.430530	622.982676	360.646228
471.000000	519.423966	279.229562	355.260090
471.500000	513.012654	295.640365	348.462939
472.000000	505.212643	413.803070	340.270897
472.500000	496.043822	497.767924	330.703943
473.000000	485.529886	445.663381	319.785875
473.500000	473.698284	663.759769	307.544264
474.000000	460.580163	129.638999	294.010399
474.500000	446.210301	887.455882	279.219211
475.000000	430.627028	575.790288	263.209201
475.500000	413.872135	114.794560	246.022346
476.000000	395.990776	562.483605	227.704002
476.500000	377.031355	603.439810	208.302791
477.000000	357.045413	278.027315	187.870480
477.500000	336.087492	359.041953	166.461855
478.000000	314.214998	194.478657	144.134581
478.500000	291.488058	24.021453	120.949049
479.000000	267.969358	569.581211	96.968228
479.500000	243.723982	225.001913	72.257489
480.000000	218.819237	9.983258	46.884442
480.500000	193.324478	281.282750	20.918749
481.000000	167.310913	-114.847646	-5.568062
481.500000	140.851420	215.489127	-32.502790
482.000000	114.020339	221.796633	-59.810763
482.500000	86.893271	234.524679	-87.416043
483.000000	59.546868	-42.997472	-115.241636
483.500000	32.058617	181.606266	-143.209709
484.000000	4.506626	274.192618	-171.241807
484.500000	-23.030603	280.118072	-199.259077
485.000000	-50.474393	279.602772	-227.182491
485.500000	-77.746119	156.557866	-254.933074
486.000000	-104.767437	69.549639	-282.432132
486.500000	-131.460509	-562.022253	-309.601481
487.000000	-157.748233	-197.012444	-336.363674
487.500000	-183.554468	-155.434304	-362.642231
488.000000	-208.804262	-402.957444	-388.361866
488.500000	-233.424071	-344.910072	-413.448707
489.000000	-257.341987	-210.724516	-437.830525
489.500000	-280.487951	-127.843788	-461.436948
490.000000	-302.793964	-457.321230	-484.199676
490.500000	-324.194304	-143.479193	-506.052691
491.000000	-344.625720	-226.563100	-526.932463
491.500000	-364.027637	-85.366643	-546.778144
492.000000	-382.342341	-460.216907	-565.531765
492.500000	-399.515167	-235.253665	-583.138416
493.000000	-415.494671	-582.602341	-599.546424
493.500000	-430.232799	-497.812418	-614.707520
494.000000	-443.685044	-620.514216	-628.577000
494.500000	-455.810595	-364.944690	-641.113869
495.000000	-466.572473	-564.882397	-652.280985
495.500000	-475.937662	-682.337388	-662.045184
496.000000	-483.877225	-368.745526	-670.377400
496.500000	-490.366403	-347.102878	-677.252764
497.000000	-495.384718	-312.121206	-682.650705
497.500000	-498.916043	-739.829454	-686.555026
498.000000	-500.948677	-579.585517	-688.953974
498.500000	-501.475398	-618.550427	-689.840293
499.000000	-500.493504	-476.478362	-689.211270
499.500000	-498.004839	-463.625360	-687.068757
500.000000	-494.015812	-432.462304	-683.419193
500.500000	-488.537394	-561.444479	-678.273596
501.000000	-481.585106	-461.416608	-671.647556
501.500000	-473.178990	-777.400037	-663.561206
502.000000	-463.343568	-274.445340	-654.039177
502.500000	-452.107789	-225.117073	-643.110546
503.000000	-439.504955	-322.980604	-630.808764
503.500000	-425.572639	-49.258736	-617.171573
504.000000	-410.352592	-515.131167	-602.240907
504.500000	-393.890624	-216.204695	-586.062783
505.000000	-376.236486	-636.182946	-568.687174
505.500000	-357.443734	-437.669646	-550.167872
506.000000	-337.569572	-252.910384	-530.562339
506.500000	-316.674697	-459.070319	-509.931541
507.000000	-294.823124	-292.557651	-488.339779
507.500000	-272.081995	-226.912896	-465.854495
508.000000	-248.521390	-179.559409	-442.546081
508.500000	-224.214115	-669.575418	-418.487667
509.000000	-199.235488	-211.712307	-393.754908
509.500000	-173.663113	39.032235	-368.425752
510.000000	-147.576642	-220.080410	-342.580208
510.500000	-121.057538	-272.534297	-316.300102
511.000000	-94.188822	36.246280	-289.668826
511.500000	-67.054818	-68.317295	-262.771079
512.000000	-39.740892	-210.364201	-235.692607
512.500000	-12.333183	45.119843	-208.519933
513.000000	15.081665	356.070180	-181.340089
513.500000	42.416778	-267.911790	-154.240336
514.000000	69.585328	32.739639	-127.307888
514.500000	96.500811	343.181685	-100.629637
515.000000	123.077324	-211.663657	-74.291865
515.500000	149.229846	91.575060	-48.379977
516.000000	174.874512	185.975498	-22.978209
516.500000	199.928887	474.813372	1.830637
517.000000	224.312241	559.434566	25.965469
517.500000	247.945816	186.495656	49.347179
518.000000	270.753085	60.943927	71.898899
518.500000	292.660015	23.459561	93.546264
519.000000	313.595314	471.536847	114.217666
519.500000	333.490673	747.685047	133.844491
520.000000	352.281005	277.930672	152.361360
520.500000	369.904666	728.007298	169.706357
521.000000	386.303673	339.604082	185.821240
521.500000	401.423911	712.868740	200.651651
522.000000	415.215319	297.697879	214.147307
522.500000	427.632079	408.159697	226.262185
523.000000	438.632779	787.723040	236.954688
523.500000	448.180569	366.828999	246.187803
524.000000	456.243299	378.621407	253.929236
524.500000	462.793650	596.074110	260.151546
525.000000	467.809235	262.379671	264.832247
525.500000	471.272702	529.771033	267.953908
526.000000	473.171805	-52.587152	269.504229
526.500000	473.499469	617.057990	269.476105
527.000000	472.253833	623.310707	267.867665
527.500000	469.438276	670.435754	264.682304
528.000000	465.061430	458.297055	259.928691
528.500000	459.137164	698.029828	253.620759
529.000000	451.684569	101.735822	245.777682
529.500000	442.727904	539.747134	236.423829
530.000000	432.296540	189.719027	225.588701
530.500000	420.424882	-131.127217	213.306856
531.000000	407.152266	277.233030	199.617807
531.500000	392.522853	487.598529	184.565910
532.000000	376.585489	266.089741	168.200231
532.500000	359.393568	176.635211	150.574399
533.000000	341.004855	315.162190	131.746439
533.500000	321.481316	128.180255	111.778594
534.000000	300.888920	-54.963817	90.737124
534.500000	279.297423	23.020372	68.692100
535.000000	256.780152	521.183016	45.717172
535.500000	233.413759	387.386134	21.889337
536.000000	209.277976	-119.022135	-2.711320
536.500000	184.455348	-221.681055	-28.001884
537.000000	159.030958	196.936330	-53.896893
537.500000	133.092148	160.466168	-80.308617
538.000000	106.728218	124.263526	-107.147355
538.500000	80.030129	125.293187	-134.321744
539.000000	53.090189	238.397017	-161.739062
539.500000	26.001738	68.636368	-189.305552
540.000000	-1.141172	-586.887468	-216.926744
540.500000	-28.244104	-49.552708	-244.507781
541.000000	-55.212569	370.733428	-271.953750
541.500000	-81.952349	-570.212466	-299.170015
542.000000	-108.369838	-92.546435	-326.062552
542.500000	-134.372366	27.491678	-352.538277
543.000000	-159.868534	6.883909	-378.505384
543.500000	-184.768539	-105.492693	-403.873671
544.000000	-208.984498	77.879096	-428.554861
544.500000	-232.430767	152.812247	-452.462929
545.000000	-255.024252	57.522013	-475.514410
545.500000	-276.684716	-741.524290	-497.628710
546.000000	-297.335072	-388.132626	-518.728397
546.500000	-316.901670	-630.351758	-538.739494
547.000000	-335.314576	-418.903227	-557.591755
547.500000	-352.507831	-667.686948	-575.218926
548.000000	-368.419706	-397.740051	-591.559003
548.500000	-382.992937	-450.916771	-606.554468
549.000000	-396.174948	242.602635	-620.152507
549.500000	-407.918054	-386.965134	-632.305227
550.000000	-418.179657	-567.313889	-642.969837
550.500000	-426.922414	-1055.107286	-652.108828
551.000000	-434.114391	-220.122173	-659.690124
551.500000	-439.729200	-222.655009	-665.687220
552.000000	-443.746115	-638.516928	-670.079296
552.500000	-446.150165	-493.355087	-672.851316
553.000000	-446.932214	-161.879145	-673.994102
553.500000	-446.089010	-462.144847	-673.504388
554.000000	-443.623220	-697.668011	-671.384852
554.500000	-439.543444	-639.371891	-667.644134
555.000000	-433.864200	-722.584787	-662.296815
555.500000	-426.605894	-562.265650	-655.363393
556.000000	-417.794766	-484.457152	-646.870225
556.500000	-407.462815	-800.913072	-636.849452
557.000000	-395.647697	-323.768011	-625.338899
557.500000	-382.392611	-580.973016	-612.381957
558.000000	-367.746154	-666.691330	-598.027439
558.500000	-351.762163	-288.603021	-582.329424
559.000000	-334.499532	-807.954030	-565.347066
559.500000	-316.022009	-276.326782	-547.144400
560.000000	-296.397979	-702.167925	-527.790114
560.500000	-275.700220	-449.418955	-507.357312
561.000000	-254.005652	-258.993362	-485.923255
561.500000	-231.395056	-115.541241	-463.569086
562.000000	-207.952791	259.823488	-440.379540
562.500000	-183.766486	-294.231685	-416.442635
563.000000	-158.926721	-202.441971	-391.849356
563.500000	-133.526697	-432.281036	-366.693321
564.000000	-107.661894	41.472278	-341.070433
564.500000	-81.429713	-93.388721	-315.078530
565.000000	-54.929119	-161.725963	-288.817018
565.500000	-28.260270	-64.590313	-262.386499
566.000000	-1.524137	-144.438192	-235.888396
566.500000	25.177876	-54.091643	-209.424566
567.000000	51.744316	-87.591350	-183.096913
567.500000	78.074069	35.714443	-157.007003
568.000000	104.066747	-120.442428	-131.255671
568.500000	129.623078	573.481927	-105.942631
569.000000	154.645288	-2.212776	-81.166094
569.500000	179.037482	289.327373	-57.022382
570.000000	202.706022	251.472061	-33.605552
570.500000	225.559890	494.981644	-11.007026
571.000000	247.511056	202.264671	10.684773
571.500000	268.474822	323.431784	31.384769
572.000000	288.370165	586.660447	51.011577
572.500000	307.120060	-123.064722	69.487830
573.000000	324.651796	506.640186	86.740492
573.500000	340.897272	36.154161	102.701160
574.000000	355.793279	217.885705	117.306339
574.500000	369.281759	677.089510	130.497716
575.000000	381.310053	950.840156	142.222396
575.500000	391.831123	76.035412	152.433131
576.000000	400.803756	445.568700	161.088524
576.500000	408.192744	834.160335	168.153210
577.000000	413.969040	861.212691	173.598015
577.500000	418.109899	740.041558	177.400088
578.000000	420.598980	783.336134	179.543019
578.500000	421.426438	292.087866	180.016916
579.000000	420.588978	666.222708	178.818473
579.500000	418.089894	206.280144	175.950996
580.000000	413.939075	305.327361	171.424418
580.500000	408.152986	647.768405	165.255279
581.000000	400.754624	316.789226	157.466677
581.500000	391.773447	951.998357	148.088202
582.000000	381.245275	56.152425	137.155835
582.500000	369.212171	778.323375	124.711825
583.000000	355.722286	386.629428	110.804537
583.500000	340.829690	512.515232	95.488284
584.000000	324.594168	426.176957	78.823116
584.500000	307.081001	620.793008	60.874607
585.000000	288.360719	285.633544	41.713600
585.500000	268.508829	78.086241	21.415939
586.000000	247.605529	684.659818	0.062180
586.500000	225.735394	133.463989	-22.262726
587.000000	202.987047	88.376282	-45.469761
587.500000	179.452810	86.592600	-69.466188
588.000000	155.228343	158.430899	-94.155924
588.500000	130.412258	-316.445784	-119.439916
589.000000	105.105729	8.844494	-145.216539
589.500000	79.412085	75.118441	-171.382003
590.000000	53.436392	189.389524	-197.830774
590.500000	27.285024	-258.626409	-224.456002
591.000000	1.065238	-245.236920	-251.149955
591.500000	-25.115276	-189.008032	-277.804460
592.000000	-51.148830	-28.644903	-304.311350
592.500000	-76.928188	-398.870903	-330.562910
593.000000	-102.347006	-43.807193	-356.452323
593.500000	-127.300282	-563.388825	-381.874118
594.000000	-151.684792	-608.945664	-406.724610
594.500000	-175.399524	174.713490	-430.902338
595.000000	-198.346107	37.454465	-454.308492
595.500000	-220.429230	2.200619	-476.847335
596.000000	-241.557046	300.501595	-498.426612
596.500000	-261.641571	-114.886315	-518.957945
597.000000	-280.599058	-412.186464	-538.357215
597.500000	-298.350369	-127.332759	-556.544931
598.000000	-314.821313	-611.621355	-573.446570
598.500000	-329.942979	-600.141370	-588.992914
599.000000	-343.652038	-301.849514	-603.120353
599.500000	-355.891029	-134.995749	-615.771169
600.000000	-366.608619	59.661455	-626.893799
600.500000	-375.759836	-829.813715	-636.443072
601.000000	-383.306281	-859.298286	-644.380416
601.500000	-389.216307	-535.057437	-650.674045
602.000000	-393.465178	-21.986338	-655.299112
602.500000	-396.035187	-526.588874	-658.237831
603.000000	-396.915761	-482.652279	-659.479581
603.500000	-396.103516	162.882892	-659.020964
604.000000	-393.602301	143.949819	-656.865845
604.500000	-389.423198	-419.924964	-653.025357
605.000000	-383.584493	-431.511544	-647.517866
605.500000	-376.111623	-521.870654	-640.368923
606.000000	-367.037082	-393.893940	-631.611167
606.500000	-356.400302	-198.342327	-621.284206
607.000000	-344.247502	-378.263420	-609.434466
607.500000	-330.631510	-624.246827	-596.115009
608.000000	-315.611547	-312.657420	-581.385320
608.500000	-299.252992	-903.552473	-565.311070
609.000000	-281.627113	-122.089822	-547.963845
609.500000	-262.810773	319.074935	-529.420851
610.000000	-242.886112	-322.714872	-509.764593
610.500000	-221.940201	-133.868024	-489.082532
611.000000	-200.064676	-3.944488	-467.466711
611.500000	-177.355347	-342.283890	-445.013369
612.000000	-153.911794	-954.163689	-421.822528
612.500000	-129.836933	-513.200866	-397.997564
613.000000	-105.236578	-53.569742	-373.644764
613.500000	-80.218981	293.774615	-348.872861
614.000000	-54.894359	-43.267609	-323.792563
614.500000	-29.374414	-475.900189	-298.516072
615.000000	-3.771843	69.882637	-273.156585
615.500000	21.800162	-203.274660	-247.827803
616.000000	47.228408	-50.862885	-222.643419
616.500000	72.400214	-188.208514	-197.716619
617.000000	97.203907	193.535930	-173.159573
617.500000	121.529325	730.334205	-149.082936
618.000000	145.268312	-607.096729	-125.595344
618.500000	168.315209	173.636276	-102.802928
619.000000	190.567331	282.654220	-80.808831
619.500000	211.925440	650.472431	-59.712735
620.000000	232.294192	316.969920	-39.610405
620.500000	251.582585	345.666173	-20.593253
621.000000	269.704376	-15.505922	-2.747905
621.500000	286.578480	750.561276	13.844193
622.000000	302.129356	965.951891	29.107162
622.500000	316.287357	-439.393342	42.971045
623.000000	328.989065	-469.928492	55.372142
623.500000	340.177594	-32.002303	66.253312
624.000000	349.802862	862.985876	75.564251
624.500000	357.821843	824.542477	83.261740
625.000000	364.198775	779.660152	89.309857
625.500000	368.905343	231.960728	93.680162
626.000000	371.920830	276.575511	96.351846
626.500000	373.232229	853.592297	97.311843
627.000000	372.834320	206.361919	96.554911
627.500000	370.729720	310.467854	94.083676
628.000000	366.928882	502.471831	89.908640
628.500000	361.450072	433.725002	84.048151
629.000000	354.319305	564.358413	76.528337
629.500000	345.570237	-3.695143	67.383007
630.000000	335.244037	577.355553	56.653512
630.500000	323.389209	200.443057	44.388572
631.000000	310.061385	17.898374	30.644068
631.500000	295.323087	-255.360049	15.482801
632.000000	279.243451	785.382527	-1.025786
632.500000	261.897919	-56.920256	-18.805912
633.000000	243.367907	-78.346449	-37.775802
633.500000	223.740432	-349.892004	-57.848047
634.000000	203.107725	459.517741	-78.930007
634.500000	181.566806	420.626203	-100.924228
635.000000	159.219044	93.290377	-123.728891
635.500000	136.169686	83.605416	-147.238277
636.000000	112.527375	-240.397617	-171.343261
636.500000	88.403644	0.704218	-195.931812
637.000000	63.912395	-213.585634	-220.889520
637.500000	39.169368	232.688285	-246.100128
638.000000	14.291594	518.628745	-271.446084
638.500000	-10.603152	28.758325	-296.809088
639.000000	-35.396915	8.889615	-322.070658
639.500000	-59.972114	-335.257199	-347.112690
640.000000	-84.212108	103.963405	-371.818022
640.500000	-108.001755	35.865742	-396.070999
641.000000	-131.227961	41.628116	-419.758023
641.500000	-153.780229	-809.588770	-442.768103
642.000000	-175.551195	16.967585	-464.993397
642.500000	-196.437147	222.048601	-486.329732
643.000000	-216.338536	287.215635	-506.677113
643.500000	-235.160461	-268.080267	-525.940216
644.000000	-252.813139	-102.386928	-544.028858
644.500000	-269.212347	2.445326	-560.858441
645.000000	-284.279845	-621.922220	-576.350376
645.500000	-297.943766	85.925836	-590.432476
646.000000	-310.138981	-1065.450069	-603.039320
646.500000	-320.807424	-1340.301061	-614.112584
647.000000	-329.898396	-849.902992	-623.601344
647.500000	-337.368827	-709.626757	-631.462336
648.000000	-343.183501	299.656930	-637.660187
648.500000	-347.315244	72.358744	-642.167604
649.000000	-349.745079	191.667603	-644.965523
649.500000	-350.462331	-467.449253	-646.043223
650.000000	-349.464702	-380.459760	-645.398396
650.500000	-346.758299	-283.091214	-643.037174
651.000000	-342.357620	155.082257	-638.974121
651.500000	-336.285502	-280.207339	-633.232177
652.000000	-328.573029	-571.534949	-625.842563
652.500000	-319.259391	-357.882212	-616.844644
653.000000	-308.391710	-878.635025	-606.285753
653.500000	-296.024826	-946.315988	-594.220972
654.000000	-282.221034	-55.035061	-580.712878
654.500000	-267.049799	280.922613	-565.831243
655.000000	-250.587421	-14.189737	-549.652707
655.500000	-232.916667	-596.589579	-532.260406
656.000000	-214.126376	-197.584620	-513.743578
656.500000	-194.311029	-769.920753	-494.197122
657.000000	-173.570281	612.222485	-473.721138
657.500000	-152.008479	-349.168574	-452.420440
658.000000	-129.734147	268.947227	-430.404034
658.500000	-106.859448	993.510226	-407.784584
659.000000	-83.499628	-736.985630	-384.677850
659.500000	-59.772442	-282.538020	-361.202112
660.000000	-35.797565	-80.634958	-337.477578
660.500000	-11.695992	228.947868	-313.625783
661.000000	12.410573	423.763026	-289.768974
661.500000	36.400330	-431.827800	-266.029494
662.000000	60.152001	-769.236153	-242.529162
662.500000	83.545448	831.229107	-219.388651
663.000000	106.462285	23.630766	-196.726875
663.500000	128.786486	-193.997646	-174.660377
664.000000	150.404979	-488.252616	-153.302735
664.500000	171.208232	68.015118	-132.763968
665.000000	191.090817	502.038859	-113.149974
665.500000	209.951961	507.343456	-94.561976
666.000000	227.696070	-32.821835	-77.095994
666.500000	244.233228	278.037879	-60.842344
667.000000	259.479676	109.925157	-45.885161
667.500000	273.358250	413.968665	-32.301951
668.000000	285.798790	306.377817	-20.163186
668.500000	296.738524	-2.465376	-9.531921
669.000000	306.122395	-410.978642	-0.463456
669.500000	313.903371	563.600230	6.994967
670.000000	320.042697	371.433420	12.804419
670.500000	324.510114	19.155816	16.934506
671.000000	327.284031	-195.132411	19.363543
671.500000	328.351656	688.263299	20.078679
672.000000	327.709075	362.209071	19.075983
672.500000	325.361291	352.441045	16.360481
673.000000	321.322215	544.001211	11.946144
673.500000	315.614604	418.317472	5.855833
674.000000	308.269964	714.296908	-1.878807
674.500000	299.328397	118.831898	-11.217495
675.000000	288.838404	196.158114	-22.111514
675.500000	276.856647	583.136696	-34.503948
676.000000	263.447664	422.113097	-48.329972
676.500000	248.683541	613.566240	-63.517179
677.000000	232.643547	722.772627	-79.985948
677.500000	215.413720	1153.382727	-97.649853
678.000000	197.086431	44.034194	-116.416115
678.500000	177.759900	874.986926	-136.186075
679.000000	157.537682	-387.538563	-156.855715
679.500000	136.528129	-59.093850	-178.316201
680.000000	114.843819	-275.427634	-200.454453
680.500000	92.600961	596.860462	-223.153744
681.000000	69.918780	-277.867501	-246.294317
681.500000	46.918885	-219.983404	-269.754020
682.000000	23.724621	-379.748502	-293.408959
682.500000	0.460410	-452.002976	-317.134157
683.000000	-22.748918	418.982014	-340.804228
683.500000	-45.778796	1093.387284	-364.294047
684.000000	-68.505586	-531.537739	-387.479428
684.500000	-90.807257	-1005.582268	-410.237794
685.000000	-112.564041	-183.652242	-432.448843
685.500000	-133.659085	34.484041	-453.995201
686.000000	-153.979091	-788.747582	-474.763066
686.500000	-173.414937	221.099160	-494.642828
687.000000	-191.862272	-61.254628	-513.529672
687.500000	-209.222098	-336.094336	-531.324156
688.000000	-225.401311	-1262.675532	-547.932763
688.500000	-240.313223	-183.943608	-563.268419
689.000000	-253.878044	-1100.151159	-577.250976
689.500000	-266.023328	-1257.158716	-589.807666
690.000000	-276.684382	-439.520863	-600.873509
690.500000	-285.804634	-713.620853	-610.391678
691.000000	-293.335953	-494.746689	-618.313830
691.500000	-299.238930	-253.033746	-624.600379
692.000000	-303.483106	-1296.333878	-629.220729
692.500000	-306.047152	556.854782	-632.153458
693.000000	-306.919004	102.570484	-633.386447
693.500000	-306.095940	863.431463	-632.916963
694.000000	-303.584611	538.118104	-630.751685
694.500000	-299.401016	-822.299326	-626.906685
695.000000	-293.570428	-194.913693	-621.407348
695.500000	-286.127267	-300.591080	-614.288246
696.000000	-277.114920	-381.839950	-605.592962
696.500000	-266.585512	-1185.840633	-595.373852
697.000000	-254.599631	-686.676204	-583.691774
697.500000	-241.225994	-255.004752	-570.615752
698.000000	-226.541082	19.247521	-556.222608
698.500000	-210.628716	-143.506912	-540.596537
699.000000	-193.579599	262.785603	-523.828647
699.500000	-175.490818	31.341018	-506.016455
700.000000	-156.465301	-390.992710	-487.263351
700.500000	-136.611248	-360.137481	-467.678017
701.000000	-116.041531	-29.276711	-447.373827
701.500000	-94.873056	-523.229209	-426.468209
702.000000	-73.226111	-183.391789	-405.081988
702.500000	-51.223688	-194.132806	-383.338703
703.000000	-28.990790	740.019423	-361.363916
703.500000	-6.653721	154.800860	-339.284494
704.000000	15.660626	-144.548995	-317.227894
704.500000	37.825497	-465.352227	-295.321438
705.000000	59.714994	-433.569561	-273.691583
705.500000	81.204799	-421.711090	-252.463202
706.000000	102.172887	609.662816	-231.758866
706.500000	122.500222	-68.109497	-211.698139
707.000000	142.071450	166.213060	-192.396890
707.500000	160.775562	-621.502079	-173.966624
708.000000	178.506538	994.931226	-156.513833
708.500000	195.163964	-43.879667	-140.139380
709.000000	210.653615	40.909721	-124.937909
709.500000	224.888010	-636.707297	-110.997291
710.000000	237.786922	-623.940046	-98.398110
710.500000	249.277853	469.952675	-87.213190
711.000000	259.296462	777.285148	-77.507157
711.500000	267.786946	466.894707	-69.336063
712.000000	274.702379	333.179585	-62.747043
712.500000	280.004990	84.618039	-57.778036
713.000000	283.666396	481.640891	-54.457553
713.500000	285.667777	268.318680	-52.804498
714.000000	285.999997	511.082048	-52.828045
714.500000	284.663669	-172.830939	-54.527582
715.000000	281.669160	513.168536	-57.892694
715.500000	277.036542	101.920085	-62.903219
716.000000	270.795486	473.248761	-69.529354
716.500000	262.985095	244.446438	-77.731821
717.000000	253.653687	380.684941	-87.462088
717.500000	242.858518	493.364223	-98.662644
718.000000	230.665454	335.337235	-111.267328
718.500000	217.148589	376.492766	-125.201716
719.000000	202.389819	-165.695472	-140.383546
719.500000	186.478362	59.061894	-156.723203
720.000000	169.510236	300.368530	-174.124241
720.500000	151.587697	-460.843421	-192.483948
721.000000	132.818637	135.978211	-211.693951
721.500000	113.315945	-143.974174	-231.640857
722.000000	93.196840	-374.832187	-252.206925
722.500000	72.582177	536.707138	-273.270760
723.000000	51.595726	-463.376619	-294.708041
723.500000	30.363434	46.023674	-316.392260
724.000000	9.012673	816.760463	-338.195476
724.500000	-12.328524	-75.461438	-359.989084
725.000000	-33.532230	-679.103302	-381.644589
725.500000	-54.471396	49.647511	-403.034375
726.000000	-75.020615	733.944342	-424.032474
726.500000	-95.056882	383.017846	-444.515335
727.000000	-114.460338	39.785267	-464.362562
727.500000	-133.114997	-1063.263783	-483.457654
728.000000	-150.909453	90.734009	-501.688706
728.500000	-167.737557	-3.371824	-518.949099
729.000000	-183.499071	-1232.076320	-535.138145
729.500000	-198.100276	-540.602493	-550.161707
730.000000	-211.454551	-113.327198	-563.932780
730.500000	-223.482907	450.771053	-576.372021
731.000000	-234.114473	82.514827	-587.408244
731.500000	-243.286938	342.793276	-596.978860
732.000000	-250.946938	-362.888133	-605.030266
732.500000	-257.050389	-754.897529	-611.518182
733.000000	-261.562764	-465.402549	-616.407928
733.500000	-264.459314	1059.693457	-619.674643
734.000000	-265.725227	-377.060248	-621.303451
734.500000	-265.355726	6.622740	-621.289552
735.000000	-263.356106	576.346834	-619.638264
735.500000	-259.741706	631.060590	-616.364997
736.000000	-254.537826	123.710794	-611.495163
736.500000	-247.779575	-471.693327	-605.064026
737.000000	-239.511659	-781.493263	-597.116491
737.500000	-229.788109	-204.350736	-587.706833
738.000000	-218.671958	-580.669992	-576.898364
738.500000	-206.234847	-1387.049561	-564.763044
739.000000	-192.556587	-393.185145	-551.381041
739.500000	-177.724671	-995.258181	-536.840237
740.000000	-161.833723	7.357510	-521.235680
740.500000	-144.984922	989.689596	-504.668998
741.000000	-127.285362	-325.630702	-487.247763
741.500000	-108.847392	-417.565125	-469.084826
742.000000	-89.787909	80.831031	-450.297605
742.500000	-70.227630	83.470184	-431.007354
743.000000	-50.290331	-963.418608	-411.338402
743.500000	-30.102071	65.952502	-391.417370
744.000000	-9.790398	265.624677	-371.372376
744.500000	10.516456	441.339835	-351.332221
745.000000	30.690387	-941.532147	-331.425582
745.500000	50.604227	494.108380	-311.780193
746.000000	70.132556	-629.106939	-292.522036
746.500000	89.152491	-577.619671	-273.774539
747.000000	107.544476	1264.945700	-255.657792
747.500000	125.193040	-421.830669	-238.287780
748.000000	141.987537	441.975575	-221.775645
748.500000	157.822851	-303.137778	-206.226969
749.000000	172.600074	-981.098557	-191.741102
749.500000	186.227137	-304.550941	-178.410524
750.000000	198.619407	-32.170368	-166.320246
750.500000	209.700226	769.926005	-155.547266
751.000000	219.401415	25.698035	-146.160068
751.500000	227.663707	-208.518372	-138.218183
752.000000	234.437140	93.723287	-131.771796
752.500000	239.681374	-110.508437	-126.861427
753.000000	243.365961	189.834694	-123.517660
753.500000	245.470542	-268.064659	-121.760944
754.000000	245.984983	749.770869	-121.601459
754.500000	244.909444	636.314537	-123.039043
755.000000	242.254381	205.071790	-126.063195
755.500000	238.040481	555.493265	-130.653135
756.000000	232.298529	-246.838764	-136.777941
756.500000	225.069214	233.126998	-144.396741
757.000000	216.402864	154.318466	-153.458985
757.500000	206.359119	145.678247	-163.904765
758.000000	195.006548	-809.937313	-175.665208
758.500000	182.422197	32.150350	-188.662924
759.000000	168.691090	890.722953	-202.812509
759.500000	153.905671	337.366706	-218.021107
760.000000	138.165201	766.229712	-234.189015
760.500000	121.575104	-262.042776	-251.210338
761.000000	104.246278	-588.511493	-268.973685
761.500000	86.294359	365.598879	-287.362903
762.000000	67.838965	-256.150979	-306.257841
762.500000	49.002902	407.576378	-325.535145
763.000000	29.911355	-776.995086	-345.069073
763.500000	10.691057	854.410007	-364.732326
764.000000	-8.530550	569.211443	-384.396894
764.500000	-27.626162	-994.986391	-403.934904
765.000000	-46.469457	455.211088	-423.219473
765.500000	-64.935938	344.822169	-442.125548
766.000000	-82.903765	219.044947	-460.530744
766.500000	-100.254561	-653.032025	-478.316159
767.000000	-116.874209	273.780568	-495.367165
767.500000	-132.653615	-454.038797	-511.574183
768.000000	-147.489435	-788.564974	-526.833407
768.500000	-161.284771	168.499932	-541.047507
769.000000	-173.949822	1420.943561	-554.126283
769.500000	-185.402484	261.608151	-565.987263
770.000000	-195.568906	-88.512917	-576.556267
770.500000	-204.383985	200.404344	-585.767903
771.000000	-211.791805	144.399810	-593.566005
771.500000	-217.746016	-506.061161	-599.904016
772.000000	-222.210144	-316.157216	-604.745299
772.500000	-225.157839	59.255849	-608.063388
773.000000	-226.573051	-1647.509461	-609.842160
773.500000	-226.450140	-1885.420866	-610.075950
774.000000	-224.793911	103.574348	-608.769586
774.500000	-221.619580	787.187354	-605.938350
775.000000	-216.952671	-702.015993	-601.607881
775.500000	-210.828838	2028.526764	-595.813990
776.000000	-203.293619	472.525011	-588.602420
776.500000	-194.402125	-941.400828	-580.028528
777.000000	-184.218661	195.797482	-570.156905
777.500000	-172.816281	-680.565808	-559.060930
778.000000	-160.276286	-586.559850	-546.822268
778.500000	-146.687664	-281.264889	-533.530302
779.000000	-132.146474	750.672926	-519.281521
779.500000	-116.755186	-196.698484	-504.178851
780.000000	-100.621967	-172.108158	-488.330942
780.500000	-83.859939	-980.748232	-471.851420
781.000000	-66.586391	-379.920060	-454.858098
781.500000	-48.921968	-164.237297	-437.472156
782.000000	-30.989832	631.588545	-419.817309
782.500000	-12.914809	-119.493132	-402.018937
783.000000	5.177480	1378.688017	-384.203223
783.500000	23.161494	539.212872	-366.496266
784.000000	40.912642	-48.520246	-349.023214
784.500000	58.308157	-680.160467	-331.907379
785.000000	75.227950	184.907296	-315.269390
785.500000	91.555444	1148.391632	-299.226340
786.000000	107.178394	350.103288	-283.890974
786.500000	121.989670	-830.334805	-269.370903
787.000000	135.888003	1715.243546	-255.767845
787.500000	148.778698	573.990068	-243.176919
788.000000	160.574292	-1482.787025	-231.685977
788.500000	171.195170	-570.812187	-221.374989
789.000000	180.570120	459.734762	-212.315486
789.500000	188.636831	-1533.170614	-204.570054
790.000000	195.342329	276.970647	-198.191904
790.500000	200.643349	884.257406	-193.224496
791.000000	204.506631	-865.883833	-189.701237
791.500000	206.909154	-668.597572	-187.645251
792.000000	207.838291	-1587.989313	-187.069220
792.500000	207.291895	-584.090683	-187.975303
793.000000	205.278304	1358.340146	-190.355121
793.500000	201.816282	610.187993	-194.189831
794.000000	196.934868	1137.129475	-199.450261
794.500000	190.673172	53.269165	-206.097129
795.000000	183.080082	54.682452	-214.081326
795.500000	174.213911	403.887829	-223.344282
796.000000	164.141971	-664.462949	-233.818383
796.500000	152.940083	-819.343316	-245.427472
797.000000	140.692026	-1136.584828	-258.087393
797.500000	127.488931	1363.910952	-271.706611
798.000000	113.428617	1339.317799	-286.186871
798.500000	98.614880	-474.584965	-301.423914
799.000000	83.156741	1911.122128	-317.308232
799.500000	67.167652	147.784526	-333.725868
800.000000	50.764673	112.125745	-350.559239
800.500000	34.067620	52.701791	-367.687995
801.000000	17.198194	-1237.466080	-384.989893
801.500000	0.279097	-86.622397	-402.341683
802.000000	-16.566864	245.118748	-419.620012
802.500000	-33.217670	682.132062	-436.702315
803.000000	-49.552976	716.868544	-453.467711
803.500000	-65.454990	-719.664509	-469.797884
804.000000	-80.809332	-1261.475422	-485.577942
804.500000	-95.505864	-77.948156	-500.697256
805.000000	-109.439494	-701.829525	-515.050268
805.500000	-122.510945	-1056.041941	-528.537255
806.000000	-134.627470	575.783424	-541.065059
806.500000	-145.703536	-1731.246690	-552.547764
807.000000	-155.661438	-1026.171020	-562.907318
807.500000	-164.431869	24.852931	-572.074107
808.000000	-171.954419	436.753870	-579.987450
808.500000	-178.178012	-650.794616	-586.596045
809.000000	-183.061276	298.496157	-591.858334
809.500000	-186.572835	-74.216698	-595.742801
810.000000	-188.691532	334.702885	-598.228194
810.500000	-189.406574	-476.774758	-599.303674
811.000000	-188.717601	-906.762002	-598.968878
811.500000	-186.634675	-573.016702	-597.233914
812.000000	-183.178195	-97.106324	-594.119271
812.500000	-178.378731	-571.528780	-589.655656
813.000000	-172.276785	-531.569413	-583.883750
813.500000	-164.922472	-1479.872399	-576.853893
814.000000	-156.375141	-946.083928	-568.625698
814.500000	-146.702910	495.937901	-559.267587
815.000000	-135.982151	-619.540186	-548.856273
815.500000	-124.296903	1948.373133	-537.476169
816.000000	-111.738231	1756.962629	-525.218746
816.500000	-98.403532	831.189104	-512.181836
817.000000	-84.395790	242.977035	-498.468882
817.500000	-69.822799	864.329881	-484.188158
818.000000	-54.796331	625.376068	-469.451935
818.500000	-39.431299	-346.406424	-454.375638
819.000000	-23.844870	621.535026	-439.076958
819.500000	-8.155585	-994.744231	-423.674963
820.000000	7.517549	-478.312485	-408.289189
820.500000	23.055963	-272.808464	-393.038738
821.000000	38.342424	-1240.693510	-378.041363
821.500000	53.261925	44.120548	-363.412584
822.000000	67.702564	682.869944	-349.264802
822.500000	81.556386	703.686226	-335.706454
823.000000	94.720206	-71.351290	-322.841185
823.500000	107.096389	1249.738381	-310.767065
824.000000	118.593589	1982.440478	-299.575848
824.500000	129.127439	724.122901	-289.352276
825.000000	138.621189	-515.759564	-280.173441
825.500000	147.006281	654.504600	-272.108209
826.000000	154.222864	1016.341722	-265.216697
826.500000	160.220238	-341.645081	-259.549830
827.000000	164.957234	-369.226186	-255.148960
827.500000	168.402512	-663.432394	-252.045569
828.000000	170.534788	-3.721346	-250.261034
828.500000	171.342980	641.459683	-249.806488
829.000000	170.826276	612.905118	-250.682746
829.500000	168.994122	1056.007917	-252.880320
830.000000	165.866130	-754.977374	-256.379509
830.500000	161.471910	806.154846	-261.150573
831.000000	155.850815	-1798.836374	-267.153982
831.500000	149.051623	-1237.372424	-274.340742
832.000000	141.132133	1418.218982	-282.652796
832.500000	132.158701	1178.644907	-292.023491
833.000000	122.205702	-822.432487	-302.378121
833.500000	111.354933	868.146263	-313.634524
834.000000	99.694957	1268.487569	-325.703742
834.500000	87.320398	-367.692951	-338.490731
835.000000	74.331179	499.408612	-351.895120
835.500000	60.831731	-682.168222	-365.812012
836.000000	46.930162	551.026791	-380.132819
836.500000	32.737392	1164.723807	-394.746126
837.000000	18.366277	168.859671	-409.538573
837.500000	3.930709	221.243555	-424.395760
838.000000	-10.455281	1324.686300	-439.203148
838.500000	-24.678434	-610.353043	-453.846973
839.000000	-38.627154	133.206427	-468.215141
839.500000	-52.192391	139.235718	-482.198116
840.000000	-65.268503	700.617436	-495.689786
840.500000	-77.754090	-482.228909	-508.588297
841.000000	-89.552789	-231.766008	-520.796857
841.500000	-100.574033	-394.220885	-532.224496
842.000000	-110.733762	1266.328141	-542.786778
842.500000	-119.955078	548.676619	-552.406462
843.000000	-128.168844	457.573802	-561.014103
843.500000	-135.314218	178.268805	-568.548589
844.000000	-141.339127	25.427949	-574.957614
844.500000	-146.200659	-998.167373	-580.198073
845.000000	-149.865385	455.394217	-584.236390
845.500000	-152.309611	-1084.127129	-587.048765
846.000000	-153.519539	638.872528	-588.621337
846.500000	-153.491356	-1722.895661	-588.950279
847.000000	-152.231242	676.064114	-588.041795
847.500000	-149.755291	-1597.009115	-585.912052
848.000000	-146.089357	-296.351014	-582.587021
848.500000	-141.268821	1310.994324	-578.102240
849.000000	-135.338277	-172.228527	-572.502500
849.500000	-128.351147	1538.181682	-565.841464
850.000000	-120.369223	-439.147747	-558.181198
850.500000	-111.462142	-220.731120	-549.591649
851.000000	-101.706797	1338.684423	-540.150053
851.500000	-91.186687	-490.218270	-529.940283
852.000000	-79.991224	-927.767061	-519.052148
852.500000	-68.214979	-1147.402626	-507.580640
853.000000	-55.956893	1015.516823	-495.625145
853.500000	-43.319461	118.605675	-483.288610
854.000000	-30.407871	88.599795	-470.676695
854.500000	-17.329138	339.343171	-457.896894
855.000000	-4.191220	-384.966139	-445.057642
855.500000	8.897880	790.158190	-432.267425
856.000000	21.831001	-648.732274	-419.633884
856.500000	34.502706	-1905.075535	-407.262924
857.000000	46.810147	187.970378	-395.257852
857.500000	58.653913	1593.720470	-383.718524
858.000000	69.938837	1235.135527	-372.740529
858.500000	80.574777	-2383.267215	-362.414412
859.000000	90.477346	-1545.949500	-352.824935
859.500000	99.568598	341.150383	-344.050395
860.000000	107.777652	1293.618058	-336.161985
860.500000	115.041267	40.267609	-329.223231
861.000000	121.304339	-135.427738	-323.289480
861.500000	126.520339	613.182310	-318.407472
862.000000	130.651670	1051.097535	-314.614968
862.500000	133.669960	-161.564008	-311.940469
863.000000	135.556259	121.982774	-310.403008
863.500000	136.301176	23.259615	-310.012019
864.000000	135.904922	728.169642	-310.767289
864.500000	134.377276	828.801708	-312.658997
865.000000	131.737468	-533.572091	-315.667826
865.500000	128.013991	1264.032391	-319.765156
866.000000	123.244321	1544.995237	-324.913344
866.500000	117.474575	601.992888	-331.066068
867.000000	110.759087	-1920.602961	-338.168750
867.500000	103.159921	-943.692581	-346.159051
868.000000	94.746317	-571.424986	-354.967421
868.500000	85.594078	-197.544220	-364.517721
869.000000	75.784901	-392.021946	-374.727888
869.500000	65.405660	244.024665	-385.510661
870.000000	54.547651	-973.649926	-396.774336
870.500000	43.305793	232.168131	-408.423572
871.000000	31.777809	-187.010824	-420.360210
871.500000	20.063374	-2175.904020	-432.484131
872.000000	8.263260	-87.554836	-444.694112
872.500000	-3.521530	60.452988	-456.888701
873.000000	-15.190634	454.015540	-468.967088
873.500000	-26.645187	-314.622016	-480.829968
874.000000	-37.788665	-659.123328	-492.380386
874.500000	-48.527706	1467.428741	-503.524563
875.000000	-58.772901	-596.683448	-514.172692
875.500000	-68.439551	-593.466131	-524.239696
876.000000	-77.448379	367.859549	-533.645944
876.500000	-85.726188	-269.904017	-542.317915
877.000000	-93.206478	1006.775440	-550.188809
877.500000	-99.829986	-985.265822	-557.199102
878.000000	-105.545177	-358.590868	-563.297027
878.500000	-110.308653	33.029623	-568.438993
879.000000	-114.085497	-194.895016	-572.589928
879.500000	-116.849543	-2208.148146	-575.723550
880.000000	-118.583566	-1319.387891	-577.822554
880.500000	-119.279390	274.988946	-578.878730
881.000000	-118.937922	875.097951	-578.892989
881.500000	-117.569104	-558.661697	-577.875317
882.000000	-115.191786	-2887.436847	-575.844648
882.500000	-111.833519	-395.102413	-572.828656
883.000000	-107.530276	-1608.106686	-568.863475
883.500000	-102.326097	-1785.032499	-563.993339
884.000000	-96.272663	1730.202477	-558.270162
884.500000	-89.428808	653.445046	-551.753039
885.000000	-81.859964	-870.097093	-544.507694
885.500000	-73.637557	586.691432	-536.605872
886.000000	-64.838342	1306.270092	-528.124670
886.500000	-55.543704	1604.219208	-519.145836
887.000000	-45.838909	1373.160755	-509.755016
887.500000	-35.812336	1307.310439	-500.040983
888.000000	-25.554671	200.765812	-490.094828
888.500000	-15.158093	-2278.009321	-480.009140
889.000000	-4.715448	-73.018686	-469.877180
889.500000	5.680587	-899.526324	-459.792037
890.000000	15.938325	287.463203	-449.845809
890.500000	25.967882	-669.545895	-440.128779
891.000000	35.681975	692.495325	-430.728619
891.500000	44.996688	441.269902	-421.729620
892.000000	53.832206	475.691796	-413.211954
892.500000	62.113507	197.393080	-405.250975
893.000000	69.771016	1290.987165	-397.916570
893.500000	76.741198	1232.683913	-391.272557
894.000000	82.967096	1401.758446	-385.376147
894.500000	88.398813	1564.737509	-380.277458
895.000000	92.993921	686.651714	-376.019111
895.500000	96.717801	474.693935	-372.635875
896.000000	99.543918	-75.589262	-370.154406
896.500000	101.454012	1394.781011	-368.593044
897.000000	102.438219	286.787468	-367.961697
897.500000	102.495113	197.119503	-368.261800
898.000000	101.631666	1662.348811	-369.486347
898.500000	99.863143	678.161038	-371.620005
899.000000	97.212912	3184.950980	-374.639304
899.500000	93.712180	24.057523	-378.512895
900.000000	89.399666	463.147277	-383.201888
900.500000	84.321202	1870.487122	-388.660247
901.000000	78.529268	-3333.067404	-394.835258
901.500000	72.082473	-721.549138	-401.668049
902.000000	65.044979	951.639172	-409.094174
902.500000	57.485877	2696.351099	-417.044232
903.000000	49.478524	1491.107237	-425.444540
903.500000	41.099837	-1043.719175	-434.217839
904.000000	32.429562	-578.588234	-443.284024
904.500000	23.549524	921.143415	-452.560909
905.000000	14.542853	-217.749277	-461.964992
905.500000	5.493206	1429.017869	-471.412241
906.000000	-3.516006	953.655156	-480.818876
906.500000	-12.402396	-739.425755	-490.102141
907.000000	-21.085357	934.762483	-499.181070
907.500000	-29.486798	-2433.971762	-507.977223
908.000000	-37.531858	188.704447	-516.415406
908.500000	-45.149576	-346.508826	-524.424342
909.000000	-52.273534	-2665.618408	-531.937316
909.500000	-58.842440	1546.845491	-538.892763
910.000000	-64.800670	287.401217	-545.234811
910.500000	-70.098747	45.935699	-550.913763
911.000000	-74.693764	1141.030594	-555.886518
911.500000	-78.549736	807.946054	-560.116934
912.000000	-81.637894	-1079.006569	-563.576113
912.500000	-83.936902	-889.553122	-566.242621
913.000000	-85.433000	-68.080304	-568.102640
913.500000	-86.120084	1332.975108	-569.150038
914.000000	-85.999706	-1401.760938	-569.386372
914.500000	-85.080997	-442.437614	-568.820816
915.000000	-83.380530	540.643903	-567.470017
915.500000	-80.922105	-925.926787	-565.357878
916.000000	-77.736463	-1080.484289	-562.515281
916.500000	-73.860946	293.554823	-558.979733
917.000000	-69.339089	-1110.451135	-554.794961
917.500000	-64.220152	2694.386600	-550.010448
918.000000	-58.558610	-1423.289297	-544.680910
918.500000	-52.413589	2528.708898	-538.865738
919.000000	-45.848261	-1210.880830	-532.628384
919.500000	-38.929210	1163.984200	-526.035730
920.000000	-31.725758	1747.514737	-519.157407
920.500000	-24.309286	-826.165329	-512.065114
921.000000	-16.752523	-2027.982951	-504.831904
921.500000	-9.128835	-1311.913584	-497.531470
922.000000	-1.511515	1705.918832	-490.237434
922.500000	6.026926	-1737.868807	-483.022627
923.000000	13.415455	-1018.667605	-475.958402
923.500000	20.585189	-2127.817139	-469.113948
924.000000	27.470046	-889.350102	-462.555640
924.500000	34.007363	-1771.412215	-456.346422
925.000000	40.138473	-440.167800	-450.545222
925.500000	45.809241	1607.534778	-445.206417
926.000000	50.970552	1066.332795	-440.379341
926.500000	55.578743	929.129639	-436.107851
927.000000	59.595979	583.001052	-432.429952
927.500000	62.990574	930.473875	-429.377470
928.000000	65.737237	910.566633	-426.975808
928.500000	67.817269	-329.216556	-425.243751
929.000000	69.218674	-1463.944686	-424.193347
929.500000	69.936219	-805.469404	-423.829851
930.000000	69.971422	1481.633489	-424.151742
930.500000	69.332462	-745.302627	-425.150800
931.000000	68.034043	2537.305546	-426.812258
931.500000	66.097178	1968.192764	-429.115010
932.000000	63.548915	392.518658	-432.031885
932.500000	60.422013	952.238792	-435.529979
933.000000	56.754556	179.209828	-439.571040
933.500000	52.589516	-1302.384228	-444.111902
934.000000	47.974277	4538.979283	-449.104970
934.500000	42.960113	695.566666	-454.498742
935.000000	37.601637	-74.679481	-460.238362
935.500000	31.956214	-904.208358	-466.266208
936.000000	26.083360	-2794.318058	-472.522500
936.500000	20.044116	-129.792767	-478.945922
937.000000	13.900423	1028.483119	-485.474261
937.500000	7.714479	1014.842359	-492.045037
938.000000	1.548119	1879.333952	-498.596144
938.500000	-4.537816	1908.035387	-505.066466
939.000000	-10.484078	-93.047384	-511.396493
939.500000	-16.233598	-669.685444	-517.528900
940.000000	-21.732037	-135.667488	-523.409107
940.500000	-26.928311	-826.426458	-528.985801
941.000000	-31.775069	643.973342	-534.211421
941.500000	-36.229137	2670.091554	-539.042600
942.000000	-40.251904	2250.120796	-543.440554
942.500000	-43.809666	-3.685110	-547.371431
943.000000	-46.873910	386.212563	-550.806588
943.500000	-49.421543	424.083298	-553.722830
944.000000	-51.435060	-1489.549634	-556.102575
944.500000	-52.902659	1199.638036	-557.933968
945.000000	-53.818284	951.909285	-559.210926
945.500000	-54.181621	-2567.399592	-559.933132
946.000000	-53.998018	-37.005044	-560.105960
946.500000	-53.278362	-883.540991	-559.740344
947.000000	-52.038889	-1321.955711	-558.852595
947.500000	-50.300946	-882.864413	-557.464152
948.000000	-48.090695	-63.349043	-555.601294
948.500000	-45.438775	51.312880	-553.294799
949.000000	-42.379921	-2787.004684	-550.579554
949.500000	-38.952539	101.427421	-547.494139
950.000000	-35.198253	-2897.774709	-544.080362
950.500000	-31.161418	-768.034581	-540.382776
951.000000	-26.888613	1668.867139	-536.448167
951.500000	-22.428114	904.127783	-532.325029
952.000000	-17.829361	-627.979451	-528.063019
952.500000	-13.142410	-2243.387324	-523.712418
953.000000	-8.417392	-634.197310	-519.323580
953.500000	-3.703978	3138.536019	-514.946398
954.000000	0.949147	-753.197486	-510.629774
954.500000	5.494789	611.994285	-506.421112
955.000000	9.887735	-858.494783	-502.365827
955.500000	14.085202	1373.222857	-498.506893
956.000000	18.047264	-1103.560609	-494.884413
956.500000	21.737240	-2108.909082	-491.535233
957.000000	25.122033	-627.405586	-488.492596
957.500000	28.172442	682.210117	-485.785835
958.000000	30.863404	1091.468706	-483.440124
958.500000	33.174207	-4022.086038	-481.476265
959.000000	35.088643	-984.396149	-479.910543
959.500000	36.595104	3961.776001	-478.754614
960.000000	37.686634	-2720.926638	-478.015466
960.500000	38.360927	-1561.482220	-477.695416
961.000000	38.620265	-2268.160787	-477.792171
961.500000	38.471416	2882.209953	-478.298933
962.000000	37.925476	-1024.155416	-479.204558
962.500000	36.997663	-900.961735	-480.493757
963.000000	35.707078	-2905.201139	-482.147347
963.500000	34.076410	424.421850	-484.142536
964.000000	32.131620	257.466579	-486.453247
964.500000	29.901581	1331.649316	-489.050480
965.000000	27.417694	-3432.621238	-491.902692
965.500000	24.713487	277.873632	-494.976208
966.000000	21.824183	1055.453838	-498.235645
966.500000	18.786269	-1143.107855	-501.644355
967.000000	15.637048	-157.929402	-505.164868
967.500000	12.414193	1075.997407	-508.759344
968.000000	9.155303	1868.354223	-512.390015
968.500000	5.897468	-236.259851	-516.019626
969.000000	2.676847	-1455.143264	-519.611858
969.500000	-0.471738	-1380.669343	-523.131732
970.000000	-3.515179	1092.345963	-526.545994
970.500000	-6.422441	-2513.844251	-529.823469
971.000000	-9.164879	-1769.452652	-532.935386
971.500000	-11.716532	251.303142	-535.855667
972.000000	-14.054370	-5463.497106	-538.561179
972.500000	-16.158507	807.487978	-541.031948
973.000000	-18.012369	-3472.603923	-543.251326
973.500000	-19.602817	-1529.102660	-545.206115
974.000000	-20.920231	2288.165895	-546.886654
974.500000	-21.958545	-2012.166510	-548.286848
975.000000	-22.715236	868.241110	-549.404162
975.500000	-23.191272	-2659.559550	-550.239570
976.000000	-23.391015	30.813254	-550.797454
976.500000	-23.322086	2161.217858	-551.085467
977.000000	-22.995189	1763.094374	-551.114362
977.500000	-22.423897	-1001.960851	-550.897772
978.000000	-21.624411	-554.268174	-550.451970
978.500000	-20.615285	-1368.880450	-549.795594
979.000000	-19.417128	-2698.310666	-548.949344
979.500000	-18.052284	-528.004285	-547.935663
980.000000	-16.544494	-1841.924410	-546.778400
980.500000	-14.918554	-1887.749242	-545.502459
981.000000	-13.199949	731.211436	-544.133440
981.500000	-11.414505	-2756.613527	-542.697285
982.000000	-9.588029	-1710.353034	-541.219914
982.500000	-7.745958	-1369.319915	-539.726878
983.000000	-5.913025	-1531.209816	-538.243021
983.500000	-4.112936	849.872536	-536.792156
984.000000	-2.368072	153.579110	-535.396760
984.500000	-0.699204	-575.727929	-534.077700
985.000000	0.874750	-1815.676059	-532.853978
985.500000	2.336947	-2083.883577	-531.742510
986.000000	3.672806	-1569.370876	-530.757944
986.500000	4.870161	-748.627009	-529.912500
987.000000	5.919370	265.259593	-529.215862
987.500000	6.813398	1144.646391	-528.675097
988.000000	7.547847	-1846.318179	-528.294623
988.500000	8.120959	886.712575	-528.076204
989.000000	8.533576	-1417.429241	-528.018997
989.500000	8.789058	84.187095	-528.119625
990.000000	8.893172	1474.899527	-528.372297
990.500000	8.853940	-1542.876083	-528.768953
991.000000	8.681465	1910.994413	-529.299447
991.500000	8.387715	43.373385	-529.951756
992.000000	7.986293	-410.082010	-530.712218
992.500000	7.492177	133.206330	-531.565787
993.000000	6.921446	75.680238	-532.496313
993.500000	6.290993	-1164.305832	-533.486827
994.000000	5.618222	-326.613957	-534.519847
994.500000	4.920749	-396.718755	-535.577680
995.000000	4.216093	3120.240284	-536.642727
995.500000	3.521382	-2742.318623	-537.697786
996.000000	2.853052	-1750.185779	-538.726345
996.500000	2.226578	243.377770	-539.712862
997.000000	1.656205	-1252.740441	-540.643029
997.500000	1.154709	3000.102202	-541.504010
998.000000	0.733183	-1060.292300	-542.284666
998.500000	0.400846	-1116.712446	-542.975735
999.000000	0.164886	-765.152221	-543.569996
999.500000	0.030340	-1013.664971	-544.062391
