X	NoNoise	Noisy
The data file columns (and lags) used for ALN inputs and output are:
__A	__B	__C	ALNfitDeep
0.000000	0.000000	27.033945	170.049085
0.500000	5.022466	17.632851	174.736698
2.500000	25.558140	32.278397	193.934944
4.500000	46.796136	56.766681	213.838643
22.000000	259.354903	265.204103	414.841495
24.000000	286.189113	310.950064	440.366363
26.000000	313.405534	302.962894	466.275146
27.500000	334.039015	321.702964	485.928885
29.000000	354.837311	355.561397	505.748174
32.000000	396.832268	426.853591	545.786893
34.000000	425.041151	452.108500	572.692563
36.000000	453.343092	491.314807	599.691708
40.000000	509.938750	536.620472	653.681734
44.000000	565.999640	542.068689	707.134609
46.500000	600.461932	577.063159	739.964323
51.000000	660.700468	631.920284	797.256222
63.000000	801.789901	774.511780	930.400796
64.500000	816.556898	781.775455	944.161892
71.500000	873.923087	867.186712	996.782388
77.500000	904.985837	903.350683	1023.696655
78.000000	906.705730	870.096901	1025.066968
80.500000	913.130595	906.027931	1029.734234
88.500000	907.177284	865.647448	1018.038382
91.000000	896.307955	951.335512	1005.334338
99.500000	824.342049	800.144801	926.974286
100.500000	812.196707	818.462216	914.060287
103.500000	771.034821	754.551384	870.571358
109.500000	667.583697	660.417908	762.371940
113.500000	583.455814	581.830811	675.010927
116.000000	525.075119	602.025736	614.583659
119.500000	436.408036	437.543347	523.020453
120.000000	423.123901	440.037703	509.319833
122.000000	368.558662	372.251547	453.082284
122.500000	354.576038	334.204010	438.680060
128.000000	193.012149	231.781782	272.465997
136.000000	-58.713065	-31.732284	13.902322
147.500000	-415.450960	-391.445295	-352.643043
150.500000	-499.401790	-462.352541	-439.111716
153.000000	-564.401268	-578.951604	-506.187282
167.000000	-806.380101	-709.689171	-759.248111
170.500000	-825.325759	-833.191306	-780.778996
178.500000	-794.134652	-799.219014	-755.164799
182.000000	-746.903078	-818.098985	-710.223361
192.000000	-506.042418	-518.384974	-475.433673
195.000000	-407.430231	-355.492087	-378.525261
197.000000	-336.414423	-348.017644	-308.621786
204.500000	-44.652044	-56.588313	-20.917153
213.000000	294.627306	316.823606	313.801833
216.000000	404.705186	405.953384	422.227063
220.000000	535.555120	421.947518	550.802474
227.000000	702.281567	698.623214	713.270875
230.000000	743.326214	723.567613	752.355048
230.500000	748.178041	826.264739	756.871259
235.000000	764.868833	825.836644	770.421231
241.500000	700.604535	802.951846	701.226127
250.500000	450.450258	472.104778	443.525895
256.500000	205.865509	178.414075	193.563523
260.500000	24.955575	-33.054233	8.988898
265.000000	-180.219189	-140.748963	-200.316007
276.500000	-603.051111	-657.813072	-633.250119
279.000000	-657.902977	-617.539986	-690.132823
284.500000	-714.356284	-751.918944	-750.767606
287.500000	-705.017736	-684.583606	-743.530915
289.500000	-682.741322	-794.931718	-722.584166
292.000000	-637.262048	-579.312035	-678.688344
298.000000	-455.438474	-603.654594	-500.340996
304.500000	-171.628440	-154.628788	-219.909670
317.000000	414.716282	474.159365	360.118381
322.000000	578.448160	635.515178	521.007859
331.000000	663.447060	683.076011	599.955285
333.000000	640.703561	649.953801	575.681372
334.000000	623.674147	637.256974	557.861522
352.000000	-130.284870	-100.616299	-212.320457
358.000000	-407.882336	-421.888940	-495.442752
361.500000	-528.581418	-342.972560	-619.180790
365.000000	-605.452147	-523.763665	-698.895041
395.000000	391.112322	351.554417	280.678230
400.000000	547.767150	319.703205	434.459102
405.000000	594.692567	525.318511	478.021268
405.500000	592.707575	521.526029	475.670175
407.500000	572.544495	642.141200	453.988188
408.000000	564.490824	368.177176	445.541354
411.000000	492.111599	532.308191	370.695886
414.500000	361.345055	268.102023	236.845494
415.000000	339.261820	422.623637	214.306538
419.500000	114.259792	-22.878707	-14.914042
424.000000	-129.324077	-99.320018	-262.799322
433.000000	-502.126548	-581.898004	-643.694649
435.500000	-548.196619	-625.158194	-691.756399
448.000000	-303.589392	-241.261530	-454.989685
452.500000	-72.123392	2.186296	-225.706801
454.000000	10.296279	48.285096	-143.991362
462.000000	397.608803	324.346645	239.332234
471.500000	513.012654	295.640365	348.462939
473.500000	473.698284	663.759769	307.544264
490.000000	-302.793964	-457.321230	-484.199676
498.000000	-500.948677	-579.585517	-688.953974
499.500000	-498.004839	-463.625360	-687.068757
500.000000	-494.015812	-432.462304	-683.419193
500.500000	-488.537394	-561.444479	-678.273596
501.500000	-473.178990	-777.400037	-663.561206
503.000000	-439.504955	-322.980604	-630.808764
511.500000	-67.054818	-68.317295	-262.771079
516.000000	174.874512	185.975498	-22.978209
517.500000	247.945816	186.495656	49.347179
521.000000	386.303673	339.604082	185.821240
525.000000	467.809235	262.379671	264.832247
526.000000	473.171805	-52.587152	269.504229
530.500000	420.424882	-131.127217	213.306856
535.000000	256.780152	521.183016	45.717172
536.000000	209.277976	-119.022135	-2.711320
538.000000	106.728218	124.263526	-107.147355
538.500000	80.030129	125.293187	-134.321744
539.000000	53.090189	238.397017	-161.739062
543.000000	-159.868534	6.883909	-378.505384
544.000000	-208.984498	77.879096	-428.554861
550.500000	-426.922414	-1055.107286	-652.108828
552.000000	-443.746115	-638.516928	-670.079296
553.000000	-446.932214	-161.879145	-673.994102
555.500000	-426.605894	-562.265650	-655.363393
556.000000	-417.794766	-484.457152	-646.870225
561.000000	-254.005652	-258.993362	-485.923255
566.500000	25.177876	-54.091643	-209.424566
569.500000	179.037482	289.327373	-57.022382
571.000000	247.511056	202.264671	10.684773
573.000000	324.651796	506.640186	86.740492
576.000000	400.803756	445.568700	161.088524
576.500000	408.192744	834.160335	168.153210
579.000000	420.588978	666.222708	178.818473
583.500000	340.829690	512.515232	95.488284
587.500000	179.452810	86.592600	-69.466188
596.000000	-241.557046	300.501595	-498.426612
596.500000	-261.641571	-114.886315	-518.957945
600.000000	-366.608619	59.661455	-626.893799
602.000000	-393.465178	-21.986338	-655.299112
613.000000	-105.236578	-53.569742	-373.644764
626.500000	373.232229	853.592297	97.311843
632.000000	279.243451	785.382527	-1.025786
632.500000	261.897919	-56.920256	-18.805912
655.500000	-232.916667	-596.589579	-532.260406
659.000000	-83.499628	-736.985630	-384.677850
667.000000	259.479676	109.925157	-45.885161
668.500000	296.738524	-2.465376	-9.531921
670.000000	320.042697	371.433420	12.804419
676.500000	248.683541	613.566240	-63.517179
694.500000	-299.401016	-822.299326	-626.906685
719.000000	202.389819	-165.695472	-140.383546
726.000000	-75.020615	733.944342	-424.032474
726.500000	-95.056882	383.017846	-444.515335
732.000000	-250.946938	-362.888133	-605.030266
735.000000	-263.356106	576.346834	-619.638264
738.500000	-206.234847	-1387.049561	-564.763044
740.500000	-144.984922	989.689596	-504.668998
741.500000	-108.847392	-417.565125	-469.084826
742.000000	-89.787909	80.831031	-450.297605
744.000000	-9.790398	265.624677	-371.372376
745.500000	50.604227	494.108380	-311.780193
748.000000	141.987537	441.975575	-221.775645
750.000000	198.619407	-32.170368	-166.320246
752.500000	239.681374	-110.508437	-126.861427
757.500000	206.359119	145.678247	-163.904765
759.500000	153.905671	337.366706	-218.021107
762.500000	49.002902	407.576378	-325.535145
764.000000	-8.530550	569.211443	-384.396894
776.000000	-203.293619	472.525011	-588.602420
778.000000	-160.276286	-586.559850	-546.822268
781.000000	-66.586391	-379.920060	-454.858098
781.500000	-48.921968	-164.237297	-437.472156
789.500000	188.636831	-1533.170614	-204.570054
807.000000	-155.661438	-1026.171020	-562.907318
824.500000	129.127439	724.122901	-289.352276
826.500000	160.220238	-341.645081	-259.549830
827.000000	164.957234	-369.226186	-255.148960
829.500000	168.994122	1056.007917	-252.880320
834.500000	87.320398	-367.692951	-338.490731
835.500000	60.831731	-682.168222	-365.812012
848.000000	-146.089357	-296.351014	-582.587021
852.000000	-79.991224	-927.767061	-519.052148
865.000000	131.737468	-533.572091	-315.667826
872.500000	-3.521530	60.452988	-456.888701
873.000000	-15.190634	454.015540	-468.967088
874.000000	-37.788665	-659.123328	-492.380386
888.000000	-25.554671	200.765812	-490.094828
891.000000	35.681975	692.495325	-430.728619
898.000000	101.631666	1662.348811	-369.486347
911.000000	-74.693764	1141.030594	-555.886518
921.500000	-9.128835	-1311.913584	-497.531470
922.000000	-1.511515	1705.918832	-490.237434
931.000000	68.034043	2537.305546	-426.812258
934.000000	47.974277	4538.979283	-449.104970
934.500000	42.960113	695.566666	-454.498742
941.500000	-36.229137	2670.091554	-539.042600
955.000000	9.887735	-858.494783	-502.365827
971.000000	-9.164879	-1769.452652	-532.935386
980.000000	-16.544494	-1841.924410	-546.778400
980.500000	-14.918554	-1887.749242	-545.502459
983.500000	-4.112936	849.872536	-536.792156
988.000000	7.547847	-1846.318179	-528.294623
990.000000	8.893172	1474.899527	-528.372297
994.500000	4.920749	-396.718755	-535.577680
