The rightmost column contains computed values for __C
X	NoNoise	Noisy
0.000000	0.000000	27.033945	-106.716968
0.500000	5.022466	17.632851	-105.055146
1.000000	10.089728	32.331516	-103.379835
1.500000	15.201575	7.803099	-101.691097
2.000000	20.357788	-0.751059	-99.988999
2.500000	25.558140	32.278397	-98.273610
3.000000	30.802398	29.247561	-96.544998
3.500000	36.090318	34.707194	-94.803238
4.000000	41.421650	56.458225	-93.048405
4.500000	46.796136	56.766681	-91.280577
5.000000	52.213507	35.725980	-89.499834
5.500000	57.673486	35.908953	-87.706260
6.000000	63.175789	72.670392	-85.899941
6.500000	68.720121	59.425638	-84.080966
7.000000	74.306178	76.802043	-82.249425
7.500000	79.933647	80.873672	-80.405414
8.000000	85.602204	110.686108	-78.549030
8.500000	91.311518	58.319514	-76.680372
9.000000	97.061245	103.324028	-74.799544
9.500000	102.851033	94.239075	-72.906652
10.000000	108.680518	123.368797	-71.001806
10.500000	114.549327	103.697864	-69.085118
11.000000	120.457075	120.253548	-67.156704
11.500000	126.403367	126.795957	-65.216683
12.000000	132.387797	128.090195	-63.265177
12.500000	138.409948	131.646529	-61.302312
13.000000	144.469390	140.267591	-59.328217
13.500000	150.565684	133.060752	-57.343025
14.000000	156.698377	142.738691	-55.346871
14.500000	162.867005	139.375098	-53.339896
15.000000	169.071093	161.718697	-51.322242
15.500000	175.310152	133.743352	-49.294058
16.000000	181.583682	183.602264	-47.255493
16.500000	187.891169	179.417525	-45.206702
17.000000	194.232088	200.458501	-43.147843
17.500000	200.605900	168.513457	-41.079079
18.000000	207.012053	162.302743	-39.000576
18.500000	213.449982	208.753802	-36.912504
19.000000	219.919109	255.384350	-34.815038
19.500000	226.418841	236.970222	-32.708354
20.000000	232.948574	219.313518	-30.592637
20.500000	239.507687	242.202480	-28.468072
21.000000	246.095547	236.003911	-26.334850
21.500000	252.711506	259.253648	-24.193166
22.000000	259.354903	265.204103	-22.043220
22.500000	266.025061	281.438513	-19.885215
23.000000	272.721288	288.775881	-17.719359
23.500000	279.442879	290.561056	-15.545866
24.000000	286.189113	310.950064	-13.364951
24.500000	292.959254	269.689913	-11.176837
25.000000	299.752552	252.538489	-8.981750
25.500000	306.568239	338.571399	-6.779921
26.000000	313.405534	302.962894	-4.571584
26.500000	320.263640	329.378684	-2.356981
27.000000	327.141743	313.549881	-0.136355
27.500000	334.039015	321.702964	2.090042
28.000000	340.954610	357.615150	4.321958
28.500000	347.887668	350.861049	6.559132
29.000000	354.837311	355.561397	8.801301
29.500000	361.802646	385.537592	11.048195
30.000000	368.782763	387.561111	13.299541
30.500000	375.776735	427.991821	15.555059
31.000000	382.783619	393.708498	17.814465
31.500000	389.802456	385.340189	20.077471
32.000000	396.832268	426.853591	22.343781
32.500000	403.872063	413.304299	24.613098
33.000000	410.920829	424.359992	26.885117
33.500000	417.977540	431.506078	29.159528
34.000000	425.041151	452.108500	31.436017
34.500000	432.110599	427.261711	33.714264
35.000000	439.184806	445.552536	35.993943
35.500000	446.262675	446.705181	38.274726
36.000000	453.343092	491.314807	40.556276
36.500000	460.424927	437.368363	42.838253
37.000000	467.507030	445.155281	45.120310
37.500000	474.588235	513.065311	47.402097
38.000000	481.667359	474.323700	49.683258
38.500000	488.743200	493.300522	51.963429
39.000000	495.814539	454.680284	54.242246
39.500000	502.880141	481.114869	56.519334
40.000000	509.938750	536.620472	58.794317
40.500000	516.989096	525.602904	61.066811
41.000000	524.029889	564.851351	63.336429
41.500000	531.059823	527.831335	65.602776
42.000000	538.077573	512.833610	67.865454
42.500000	545.081798	548.487722	70.124060
43.000000	552.071138	519.691894	72.378183
43.500000	559.044217	545.117264	74.627409
44.000000	565.999640	542.068689	76.871319
44.500000	572.935997	600.442185	79.109487
45.000000	579.851860	590.378802	81.341483
45.500000	586.745781	616.525211	83.566871
46.000000	593.616298	560.261650	85.785212
46.500000	600.461932	577.063159	87.996060
47.000000	607.281187	583.194859	90.198964
47.500000	614.072547	604.480449	92.393468
48.000000	620.834485	616.040021	94.579111
48.500000	627.565452	631.867228	96.755428
49.000000	634.263886	623.651815	98.921948
49.500000	640.928208	615.120109	101.078196
50.000000	647.556822	635.824573	103.223690
50.500000	654.148118	621.515437	105.357947
51.000000	660.700468	631.920284	107.480475
51.500000	667.212230	658.403984	109.590781
52.000000	673.681747	648.457540	111.688366
52.500000	680.107344	703.663864	113.772724
53.000000	686.487336	686.279563	115.843349
53.500000	692.820018	674.579284	117.899727
54.000000	699.103675	704.038439	119.941342
54.500000	705.336575	736.482935	121.967671
55.000000	711.516973	734.233287	123.978191
55.500000	717.643110	757.876045	125.972370
56.000000	723.713215	723.885117	127.949676
56.500000	729.725502	690.552556	129.909571
57.000000	735.678173	735.956067	131.851513
57.500000	741.569419	769.796644	133.774958
58.000000	747.397417	712.588085	135.679356
58.500000	753.160332	778.246636	137.564155
59.000000	758.856320	754.839627	139.428800
59.500000	764.483523	759.051752	141.272731
60.000000	770.040074	749.020022	143.095387
60.500000	775.524097	739.586633	144.896201
61.000000	780.933703	784.009007	146.674605
61.500000	786.266997	769.015614	148.430029
62.000000	791.522072	788.182932	150.161898
62.500000	796.697014	835.203778	151.869636
63.000000	801.789901	774.511780	153.552664
63.500000	806.798803	803.820112	155.210401
64.000000	811.721784	844.834007	156.842263
64.500000	816.556898	781.775455	158.447666
65.000000	821.302198	829.106010	160.026022
65.500000	825.955726	799.152482	161.576743
66.000000	830.515524	778.654661	163.099237
66.500000	834.979626	844.420764	164.592914
67.000000	839.346064	857.717824	166.057180
67.500000	843.612865	852.311662	167.491441
68.000000	847.778054	813.198266	168.895104
68.500000	851.839655	846.321688	170.267572
69.000000	855.795689	928.025467	171.608250
69.500000	859.644177	867.667734	172.916541
70.000000	863.383139	848.971114	174.191851
70.500000	867.010597	850.252359	175.433581
71.000000	870.524572	847.111927	176.641138
71.500000	873.923087	867.186712	177.813926
72.000000	877.204171	913.496406	178.951350
72.500000	880.365851	847.209645	180.052817
73.000000	883.406162	876.333348	181.117735
73.500000	886.323142	862.227808	182.145514
74.000000	889.114834	870.193113	183.135564
74.500000	891.779290	915.079289	184.087297
75.000000	894.314565	826.264235	185.000130
75.500000	896.718725	904.378302	185.873479
76.000000	898.989844	919.475562	186.706764
76.500000	901.126005	895.013480	187.499408
77.000000	903.125301	919.236272	188.250837
77.500000	904.985837	903.350683	188.960479
78.000000	906.705730	870.096901	189.627769
78.500000	908.283110	956.210944	190.252142
79.000000	909.716120	873.344691	190.833040
79.500000	911.002919	884.054215	191.369909
80.000000	912.141680	950.526074	191.862197
80.500000	913.130595	906.027931	192.309361
81.000000	913.967872	929.036806	192.710861
81.500000	914.651738	940.917862	193.066163
82.000000	915.180438	965.218754	193.374739
82.500000	915.552240	925.717503	193.636066
83.000000	915.765432	892.206798	193.849630
83.500000	915.818324	904.173202	194.014922
84.000000	915.709252	881.870229	194.131439
84.500000	915.436573	912.895505	194.198689
85.000000	914.998672	892.134258	194.216184
85.500000	914.393960	895.628020	194.183445
86.000000	913.620875	888.756083	194.100003
86.500000	912.677886	914.742928	193.965396
87.000000	911.563487	889.644411	193.779172
87.500000	910.276209	928.256601	193.540886
88.000000	908.814610	923.553054	193.250106
88.500000	907.177284	865.647448	192.906408
89.000000	905.362858	964.997311	192.509378
89.500000	903.369994	889.918007	192.058614
90.000000	901.197392	911.829521	191.553723
90.500000	898.843787	915.690802	190.994326
91.000000	896.307955	951.335512	190.380053
91.500000	893.588711	860.267572	189.710547
92.000000	890.684911	899.425668	188.985465
92.500000	887.595453	892.767519	188.204474
93.000000	884.319278	874.071959	187.367255
93.500000	880.855373	868.245863	186.473503
94.000000	877.202767	847.161618	185.522926
94.500000	873.360540	867.585513	184.515248
95.000000	869.327818	915.744710	183.450203
95.500000	865.103775	940.166116	182.327545
96.000000	860.687638	834.183018	181.147040
96.500000	856.078682	820.528138	179.908469
97.000000	851.276238	801.149702	178.611632
97.500000	846.279689	865.959093	177.256342
98.000000	841.088472	873.445417	175.842431
98.500000	835.702083	808.494087	174.369745
99.000000	830.120072	822.932282	172.838150
99.500000	824.342049	800.144801	171.247528
100.000000	818.367684	770.699094	169.597781
100.500000	812.196707	818.462216	167.888826
101.000000	805.828911	809.604815	166.120600
101.500000	799.264149	783.285384	164.293061
102.000000	792.502341	805.995678	162.406184
102.500000	785.543472	791.965165	160.459965
103.000000	778.387593	782.774136	158.454417
103.500000	771.034821	754.551384	156.389578
104.000000	763.485343	763.211528	154.265503
104.500000	755.739415	785.161615	152.082270
105.000000	747.797366	732.450467	149.839976
105.500000	739.659592	762.054758	147.538743
106.000000	731.326567	713.003922	145.178712
106.500000	722.798835	712.939545	142.760047
107.000000	714.077016	702.092021	140.282935
107.500000	705.161807	800.432823	137.747586
108.000000	696.053981	734.572528	135.154233
108.500000	686.754388	716.834689	132.503130
109.000000	677.263956	727.175340	129.794560
109.500000	667.583697	660.417908	127.028824
110.000000	657.714698	746.220677	124.206252
110.500000	647.658130	641.974242	121.327196
111.000000	637.415246	595.885596	118.392033
111.500000	626.987384	588.046282	115.401166
112.000000	616.375962	636.693756	112.355022
112.500000	605.582485	636.029156	109.254054
113.000000	594.608544	599.667581	106.098741
113.500000	583.455814	581.830811	102.889588
114.000000	572.126059	601.193052	99.627126
114.500000	560.621129	583.337733	96.311912
115.000000	548.942962	514.482166	92.944530
115.500000	537.093587	537.631793	89.525591
116.000000	525.075119	602.025736	86.055731
116.500000	512.889766	477.621731	82.535615
117.000000	500.539823	536.150274	78.965936
117.500000	488.027679	455.931799	75.347411
118.000000	475.355812	472.291695	71.680787
118.500000	462.526792	453.886752	67.966839
119.000000	449.543282	452.889832	64.206368
119.500000	436.408036	437.543347	60.400203
120.000000	423.123901	440.037703	56.549202
120.500000	409.693817	416.072025	52.654250
121.000000	396.120817	358.405791	48.716261
121.500000	382.408026	392.214965	44.736175
122.000000	368.558662	372.251547	40.714962
122.500000	354.576038	334.204010	36.653619
123.000000	340.463559	306.619753	32.553172
123.500000	326.224722	381.863636	28.414673
124.000000	311.863119	363.420406	24.239205
124.500000	297.382434	288.925836	20.027877
125.000000	282.786444	258.289414	15.781826
125.500000	268.079016	295.578288	11.502216
126.000000	253.264112	257.325639	7.190242
126.500000	238.345784	279.358908	2.847123
127.000000	223.328177	177.352041	-1.525894
127.500000	208.215523	216.138321	-5.927532
128.000000	193.012149	231.781782	-10.356490
128.500000	177.722469	169.327803	-14.811438
129.000000	162.350985	172.072837	-19.291020
129.500000	146.902289	117.468616	-23.793854
130.000000	131.381059	154.177707	-28.318530
130.500000	115.792062	134.473055	-32.863614
131.000000	100.140148	85.263354	-37.427644
131.500000	84.430253	59.096361	-42.009135
132.000000	68.667396	67.729395	-46.606574
132.500000	52.856680	-2.754805	-51.218426
133.000000	37.003288	-16.984365	-55.843130
133.500000	21.112482	-27.731302	-60.479099
134.000000	5.189607	23.432987	-65.124727
134.500000	-10.759919	-8.828114	-69.778379
135.000000	-26.730598	23.131236	-74.438402
135.500000	-42.716862	-90.171602	-79.103118
136.000000	-58.713065	-31.732284	-83.770827
136.500000	-74.713493	-81.572959	-88.439809
137.000000	-90.712362	-25.793850	-93.108321
137.500000	-106.703818	-90.648536	-97.774600
138.000000	-122.681944	-79.281111	-102.436866
138.500000	-138.640756	-154.700922	-107.093315
139.000000	-154.574211	-99.450786	-111.742128
139.500000	-170.476202	-169.124894	-116.381467
140.000000	-186.340569	-204.346239	-121.009475
140.500000	-202.161092	-187.504586	-125.624280
141.000000	-217.931500	-265.764783	-130.223993
141.500000	-233.645470	-126.772179	-134.806711
142.000000	-249.296630	-259.201722	-139.370515
142.500000	-264.878564	-319.416093	-143.913471
143.000000	-280.384810	-370.865077	-148.433636
143.500000	-295.808866	-309.682848	-152.929049
144.000000	-311.144192	-253.670488	-157.397743
144.500000	-326.384213	-351.966129	-161.837736
145.000000	-341.522320	-383.998305	-166.247040
145.500000	-356.551876	-320.014460	-170.623654
146.000000	-371.466215	-353.817138	-174.965572
146.500000	-386.258651	-297.620749	-179.270781
147.000000	-400.922475	-461.259869	-183.537259
147.500000	-415.450960	-391.445295	-187.762982
148.000000	-429.837367	-427.059700	-191.945920
148.500000	-444.074946	-342.936947	-196.084039
149.000000	-458.156939	-548.385816	-200.175306
149.500000	-472.076585	-491.250546	-204.217684
150.000000	-485.827121	-402.698002	-208.209136
150.500000	-499.401790	-462.352541	-212.147628
151.000000	-512.793839	-545.715973	-216.031126
151.500000	-525.996528	-503.052215	-219.857601
152.000000	-539.003131	-510.512346	-223.625026
152.500000	-551.806940	-641.334194	-227.331382
153.000000	-564.401268	-578.951604	-230.974656
153.500000	-576.779456	-573.917563	-234.552841
154.000000	-588.934874	-599.926319	-238.063942
154.500000	-600.860926	-574.959646	-241.505972
155.000000	-612.551054	-521.432031	-244.876956
155.500000	-623.998744	-543.001744	-248.174933
156.000000	-635.197527	-604.401281	-251.397954
156.500000	-646.140986	-616.893563	-254.544087
157.000000	-656.822756	-643.136166	-257.611416
157.500000	-667.236536	-681.022027	-260.598043
158.000000	-677.376085	-661.048454	-263.502088
158.500000	-687.235232	-572.168397	-266.321693
159.000000	-696.807878	-762.085193	-269.055021
159.500000	-706.087999	-698.653902	-271.700260
160.000000	-715.069657	-749.769791	-274.255619
160.500000	-723.746995	-730.132810	-276.719336
161.000000	-732.114251	-782.970025	-279.089675
161.500000	-740.165753	-738.345306	-281.364929
162.000000	-747.895934	-778.036905	-283.543421
162.500000	-755.299327	-735.373130	-285.623504
163.000000	-762.370575	-784.928292	-287.603565
163.500000	-769.104436	-812.131968	-289.482027
164.000000	-775.495784	-759.537312	-291.257344
164.500000	-781.539615	-791.590613	-292.928011
165.000000	-787.231056	-766.023607	-294.492559
165.500000	-792.565361	-789.764623	-295.949560
166.000000	-797.537923	-860.735940	-297.297626
166.500000	-802.144277	-890.893520	-298.535413
167.000000	-806.380101	-709.689171	-299.661619
167.500000	-810.241225	-818.388603	-300.674989
168.000000	-813.723632	-893.161662	-301.574312
168.500000	-816.823467	-748.369061	-302.358428
169.000000	-819.537035	-739.460217	-303.026224
169.500000	-821.860812	-866.862281	-303.576639
170.000000	-823.791445	-796.673338	-304.008664
170.500000	-825.325759	-833.191306	-304.321341
171.000000	-826.460759	-864.561334	-304.513770
171.500000	-827.193636	-842.810639	-304.585104
172.000000	-827.521772	-763.308705	-304.534555
172.500000	-827.442741	-828.215334	-304.361392
173.000000	-826.954316	-916.082742	-304.064944
173.500000	-826.054472	-861.035507	-303.644603
174.000000	-824.741390	-804.056670	-303.099820
174.500000	-823.013460	-798.142565	-302.430110
175.000000	-820.869287	-861.382158	-301.635053
175.500000	-818.307694	-816.430844	-300.714296
176.000000	-815.327724	-734.874613	-299.667548
176.500000	-811.928644	-842.747150	-298.494591
177.000000	-808.109952	-755.243177	-297.195272
177.500000	-803.871374	-844.467482	-295.769509
178.000000	-799.212874	-772.577739	-294.217292
178.500000	-794.134652	-799.219014	-292.538680
179.000000	-788.637150	-815.240968	-290.733807
179.500000	-782.721054	-707.921899	-288.802879
180.000000	-776.387296	-687.842409	-286.746177
180.500000	-769.637058	-720.147979	-284.564056
181.000000	-762.471774	-712.709534	-282.256950
181.500000	-754.893132	-655.082525	-279.825365
182.000000	-746.903078	-818.098985	-277.269889
182.500000	-738.503814	-775.758591	-274.591183
183.000000	-729.697806	-646.552162	-271.789992
183.500000	-720.487781	-802.394485	-268.867135
184.000000	-710.876731	-785.765192	-265.823514
184.500000	-700.867912	-742.966342	-262.660109
185.000000	-690.464849	-650.573035	-259.377983
185.500000	-679.671335	-607.702119	-255.978276
186.000000	-668.491431	-719.029410	-252.462213
186.500000	-656.929470	-699.147942	-248.831098
187.000000	-644.990054	-602.235598	-245.086317
187.500000	-632.678058	-554.770082	-241.229337
188.000000	-619.998627	-587.407447	-237.261708
188.500000	-606.957178	-571.630043	-233.185062
189.000000	-593.559399	-607.803272	-229.001111
189.500000	-579.811250	-633.652388	-224.711650
190.000000	-565.718960	-586.133753	-220.318556
190.500000	-551.289030	-644.661565	-215.823784
191.000000	-536.528228	-555.753682	-211.229375
191.500000	-521.443590	-490.130672	-206.537446
192.000000	-506.042418	-518.384974	-201.750196
192.500000	-490.332281	-519.100112	-196.869905
193.000000	-474.321008	-498.709458	-191.898931
193.500000	-458.016689	-394.177751	-186.839709
194.000000	-441.427674	-483.397737	-181.694754
194.500000	-424.562568	-428.457044	-176.466658
195.000000	-407.430231	-355.492087	-171.158088
195.500000	-390.039770	-411.156810	-165.771787
196.000000	-372.400542	-382.724659	-160.310572
196.500000	-354.522147	-399.398902	-154.777335
197.000000	-336.414423	-348.017644	-149.175039
197.500000	-318.087447	-303.970492	-143.506717
198.000000	-299.551526	-267.300906	-137.775473
198.500000	-280.817195	-322.582140	-131.984481
199.000000	-261.895211	-228.921005	-126.136980
199.500000	-242.796549	-210.258436	-120.236273
200.000000	-223.532399	-199.105988	-114.285732
200.500000	-204.114155	-190.541235	-108.288788
201.000000	-184.553414	-171.384712	-102.248932
201.500000	-164.861971	-264.133163	-96.169716
202.000000	-145.051807	-123.771792	-90.054750
202.500000	-125.135090	-103.161844	-83.907695
203.000000	-105.124161	-115.632203	-77.732270
203.500000	-85.031534	-113.500474	-71.532243
204.000000	-64.869885	-168.714072	-65.311430
204.500000	-44.652044	-56.588313	-59.073696
205.000000	-24.390991	-20.786224	-52.822950
205.500000	-4.099846	23.041410	-46.563141
206.000000	16.208140	16.287586	-40.298260
206.500000	36.519592	45.129195	-34.032337
207.000000	56.821017	13.093027	-27.769432
207.500000	77.098819	126.000339	-21.513641
208.000000	97.339301	110.022535	-15.269089
208.500000	117.528679	37.184245	-9.039926
209.000000	137.653089	91.490880	-2.830328
209.500000	157.698596	191.653788	3.355510
210.000000	177.651207	234.829443	9.513373
210.500000	197.496876	238.919090	15.639032
211.000000	217.221520	191.021632	21.728245
211.500000	236.811022	215.638666	27.776762
212.000000	256.251249	226.594650	33.780327
212.500000	275.528057	211.051219	39.734680
213.000000	294.627306	316.823606	45.635563
213.500000	313.534867	346.106616	51.478721
214.000000	332.236636	401.409643	57.259908
214.500000	350.718545	404.950460	62.974886
215.000000	368.966570	377.396977	68.619432
215.500000	386.966749	394.781222	74.189343
216.000000	404.705186	405.953384	79.680433
216.500000	422.168069	496.053368	85.088543
217.000000	439.341678	516.714979	90.409542
217.500000	456.212401	440.962745	95.639330
218.000000	472.766740	529.193268	100.773843
218.500000	488.991329	447.663781	105.809055
219.000000	504.872942	502.771503	110.740984
219.500000	520.398507	557.449697	115.565693
220.000000	535.555120	421.947518	120.279296
220.500000	550.330054	532.486208	124.877961
221.000000	564.710772	561.947787	129.357913
221.500000	578.684941	601.409548	133.715437
222.000000	592.240444	595.695960	137.946885
222.500000	605.365392	618.389554	142.048675
223.000000	618.048133	585.913917	146.017301
223.500000	630.277271	595.725228	149.849329
224.000000	642.041674	677.678824	153.541407
224.500000	653.330484	582.468090	157.090266
225.000000	664.133134	636.010965	160.492724
225.500000	674.439358	753.850785	163.745688
226.000000	684.239201	689.870910	166.846162
226.500000	693.523035	783.760585	169.791246
227.000000	702.281567	698.623214	172.578140
227.500000	710.505850	712.907399	175.204152
228.000000	718.187298	710.412937	177.666696
228.500000	725.317697	708.056722	179.963297
229.000000	731.889210	762.327407	182.091596
229.500000	737.894395	711.364624	184.049353
230.000000	743.326214	723.567613	185.834446
230.500000	748.178041	826.264739	187.444882
231.000000	752.443672	748.326961	188.878791
231.500000	756.117339	729.537853	190.134437
232.000000	759.193716	852.530887	191.210217
232.500000	761.667931	797.777597	192.104662
233.000000	763.535573	611.000436	192.816444
233.500000	764.792700	817.159170	193.344377
234.000000	765.435853	810.947960	193.687419
234.500000	765.462057	732.638873	193.844673
235.000000	764.868833	825.836644	193.815394
235.500000	763.654207	796.823784	193.598987
236.000000	761.816712	756.130445	193.195011
236.500000	759.355400	708.583782	192.603178
237.000000	756.269845	710.306914	191.823363
237.500000	752.560151	639.417003	190.855594
238.000000	748.226954	737.878932	189.700066
238.500000	743.271434	760.266830	188.357131
239.000000	737.695311	743.553338	186.827309
239.500000	731.500857	642.842544	185.111284
240.000000	724.690894	769.651333	183.209906
240.500000	717.268801	708.918642	181.124192
241.000000	709.238515	749.976401	178.855327
241.500000	700.604535	802.951846	176.404667
242.000000	691.371919	696.181745	173.773734
242.500000	681.546293	651.884195	170.964223
243.000000	671.133843	692.901945	167.977997
243.500000	660.141324	752.842131	164.817090
244.000000	648.576052	647.680713	161.483705
244.500000	636.445908	636.564115	157.980215
245.000000	623.759333	642.328848	154.309162
245.500000	610.525330	703.479739	150.473258
246.000000	596.753458	551.418785	146.475381
246.500000	582.453829	547.203946	142.318575
247.000000	567.637106	465.388355	138.006053
247.500000	552.314498	663.004220	133.541189
248.000000	536.497752	469.209151	128.927522
248.500000	520.199154	530.802391	124.168750
249.000000	503.431515	486.085836	119.268732
249.500000	486.208169	572.596051	114.231483
250.000000	468.542965	468.682779	109.061173
250.500000	450.450258	472.104778	103.762126
251.000000	431.944899	396.683561	98.338813
251.500000	413.042229	348.084966	92.795855
252.000000	393.758066	424.007737	87.138015
252.500000	374.108697	353.746347	81.370196
253.000000	354.110863	416.593741	75.497442
253.500000	333.781752	377.594301	69.524928
254.000000	313.138983	261.439109	63.457959
254.500000	292.200595	304.225910	57.301967
255.000000	270.985031	241.110614	51.062508
255.500000	249.511128	108.603186	44.745252
256.000000	227.798096	154.567532	38.355986
256.500000	205.865509	178.414075	31.900603
257.000000	183.733284	208.689728	25.385101
257.500000	161.421669	164.942503	18.815578
258.000000	138.951222	82.706662	12.198225
258.500000	116.342794	58.426786	5.539320
259.000000	93.617515	-9.296705	-1.154773
259.500000	70.796767	127.036560	-7.877615
260.000000	47.902174	136.203201	-14.622695
260.500000	24.955575	-33.054233	-21.383436
261.000000	1.979011	29.864064	-28.153201
261.500000	-21.005305	34.992846	-34.925300
262.000000	-43.975001	-62.374791	-41.692996
262.500000	-66.907569	-139.874772	-48.449512
263.000000	-89.780393	-150.678463	-55.188036
263.500000	-112.570763	-128.476251	-61.901731
264.000000	-135.255902	-99.063813	-68.583736
264.500000	-157.812991	-150.083234	-75.227181
265.000000	-180.219189	-140.748963	-81.825186
265.500000	-202.451655	-179.724334	-88.370874
266.000000	-224.487579	-158.190868	-94.857376
266.500000	-246.304202	-201.279122	-101.277837
267.000000	-267.878837	-171.710664	-107.625427
267.500000	-289.188901	-262.579352	-113.893345
268.000000	-310.211937	-268.532404	-120.074827
268.500000	-330.925636	-454.721041	-126.163155
269.000000	-351.307867	-313.161440	-132.151667
269.500000	-371.336701	-358.431647	-138.033756
270.000000	-390.990434	-209.553121	-143.802888
270.500000	-410.247616	-343.204110	-149.452604
271.000000	-429.087076	-344.100955	-154.976527
271.500000	-447.487943	-505.804837	-160.368373
272.000000	-465.429680	-523.523244	-165.621957
272.500000	-482.892103	-702.144800	-170.731202
273.000000	-499.855406	-346.657379	-175.690142
273.500000	-516.300191	-464.610814	-180.492936
274.000000	-532.207492	-504.844470	-185.133874
274.500000	-547.558795	-424.397372	-189.607379
275.000000	-562.336069	-570.929233	-193.908021
275.500000	-576.521786	-653.388588	-198.030523
276.000000	-590.098948	-619.245649	-201.969766
276.500000	-603.051111	-657.813072	-205.720797
277.000000	-615.362406	-620.885939	-209.278839
277.500000	-627.017562	-596.407046	-212.639291
278.000000	-638.001933	-748.895941	-215.797745
278.500000	-648.301517	-618.237880	-218.749983
279.000000	-657.902977	-617.539986	-221.491988
279.500000	-666.793664	-626.665549	-224.019953
280.000000	-674.961637	-554.050055	-226.330280
280.500000	-682.395683	-631.725020	-228.419594
281.000000	-689.085338	-883.019462	-230.284743
281.500000	-695.020903	-672.755440	-231.922807
282.000000	-700.193464	-712.616572	-233.331101
282.500000	-704.594910	-680.995538	-234.507182
283.000000	-708.217947	-855.631239	-235.448854
283.500000	-711.056117	-715.624004	-236.154173
284.000000	-713.103811	-696.321024	-236.621449
284.500000	-714.356284	-751.918944	-236.849253
285.000000	-714.809667	-635.457934	-236.836421
285.500000	-714.460982	-725.322476	-236.582055
286.000000	-713.308152	-773.127966	-236.085529
286.500000	-711.350009	-651.442487	-235.346494
287.000000	-708.586309	-558.751113	-234.364873
287.500000	-705.017736	-684.583606	-233.140875
288.000000	-700.645912	-696.272898	-231.674987
288.500000	-695.473400	-720.300860	-229.967981
289.000000	-689.503715	-623.199892	-228.020915
289.500000	-682.741322	-794.931718	-225.835134
290.000000	-675.191644	-700.296820	-223.412272
290.500000	-666.861060	-604.027354	-220.754249
291.000000	-657.756909	-668.190445	-217.863275
291.500000	-647.887487	-556.961935	-214.741848
292.000000	-637.262048	-579.312035	-211.392756
292.500000	-625.890799	-636.849613	-207.819071
293.000000	-613.784894	-640.757844	-204.024153
293.500000	-600.956434	-556.724008	-200.011646
294.000000	-587.418458	-552.653689	-195.785477
294.500000	-573.184931	-517.547866	-191.349850
295.000000	-558.270742	-492.104231	-186.709250
295.500000	-542.691688	-603.307927	-181.868433
296.000000	-526.464465	-364.579075	-176.832428
296.500000	-509.606654	-385.423446	-171.606528
297.000000	-492.136707	-514.518661	-166.196291
297.500000	-474.073932	-597.154198	-160.607530
298.000000	-455.438474	-603.654594	-154.846312
298.500000	-436.251301	-248.665090	-148.918952
299.000000	-416.534180	-356.863232	-142.832004
299.500000	-396.309658	-462.317554	-136.592258
300.000000	-375.601043	-450.087871	-130.206733
300.500000	-354.432375	-204.199338	-123.682668
301.000000	-332.828409	-446.629742	-117.027518
301.500000	-310.814581	-164.002113	-110.248943
302.000000	-288.416989	-238.416823	-103.354802
302.500000	-265.662360	-207.107842	-96.353143
303.000000	-242.578023	-267.036262	-89.252197
303.500000	-219.191879	-145.186270	-82.060365
304.000000	-195.532369	-197.429466	-74.786212
304.500000	-171.628440	-154.628788	-67.438455
305.000000	-147.509517	-40.423443	-60.025954
305.500000	-123.205461	-193.635677	-52.557704
306.000000	-98.746541	-94.474282	-45.042817
306.500000	-74.163392	-296.733489	-37.490521
307.000000	-49.486980	60.593194	-29.910139
307.500000	-24.748567	-34.225941	-22.311087
308.000000	0.020335	177.967965	-14.702853
308.500000	24.787996	31.814203	-7.094993
309.000000	49.522514	143.217692	0.502886
309.500000	74.191852	-53.603376	8.081138
310.000000	98.763884	127.725096	15.630086
310.500000	123.206433	59.368103	23.140043
311.000000	147.487315	141.177693	30.601315
311.500000	171.574386	168.355201	38.004223
312.000000	195.435579	217.898872	45.339111
312.500000	219.038954	185.026215	52.596360
313.000000	242.352739	148.811360	59.766402
313.500000	265.345374	287.732048	66.839734
314.000000	287.985561	186.940221	73.806929
314.500000	310.242301	377.813404	80.658654
315.000000	332.084946	405.659137	87.385679
315.500000	353.483239	439.087436	93.978893
316.000000	374.407362	497.322854	100.429316
316.500000	394.827979	319.411314	106.728114
317.000000	414.716282	474.159365	112.866611
317.500000	434.044033	452.640261	118.836305
318.000000	452.783610	463.196874	124.628877
318.500000	470.908048	523.973019	130.236207
319.000000	488.391085	350.902485	135.650386
319.500000	505.207204	419.688182	140.863731
320.000000	521.331671	616.003682	145.868792
320.500000	536.740581	439.440396	150.658372
321.000000	551.410897	514.932809	155.225533
321.500000	565.320485	537.289871	159.563609
322.000000	578.448160	635.515178	163.666221
322.500000	590.773719	593.651312	167.527285
323.000000	602.277979	668.479546	171.141025
323.500000	612.942811	548.208751	174.501980
324.000000	622.751175	637.915294	177.605020
324.500000	631.687156	682.951730	180.445351
325.000000	639.735990	568.571825	183.018529
325.500000	646.884101	760.708180	185.320464
326.000000	653.119124	589.509010	187.347433
326.500000	658.429935	628.148602	189.096086
327.000000	662.806679	705.767394	190.563456
327.500000	666.240789	703.555288	191.746962
328.000000	668.725014	492.342218	192.644422
328.500000	670.253437	708.014521	193.254053
329.000000	670.821494	744.205521	193.574480
329.500000	670.425991	695.077643	193.604742
330.000000	669.065121	790.774815	193.344296
330.500000	666.738477	502.263733	192.793017
331.000000	663.447060	683.076011	191.951208
331.500000	659.193294	695.544884	190.819599
332.000000	653.981028	595.375057	189.399349
332.500000	647.815545	569.782429	187.692048
333.000000	640.703561	649.953801	185.699720
333.500000	632.653232	705.300265	183.424819
334.000000	623.674147	637.256974	180.870234
334.500000	613.777323	469.835711	178.039283
335.000000	602.975209	636.851774	174.935714
335.500000	591.281666	560.884543	171.563702
336.000000	578.711963	597.606345	167.927844
336.500000	565.282766	828.615632	164.033159
337.000000	551.012117	518.783781	159.885081
337.500000	535.919420	840.139235	155.489452
338.000000	520.025424	551.346474	150.852522
338.500000	503.352197	533.592876	145.980934
339.000000	485.923101	554.495825	140.881726
339.500000	467.762771	444.392776	135.562315
340.000000	448.897081	405.674826	130.030493
340.500000	429.353116	538.078269	124.294416
341.000000	409.159134	443.950537	118.362594
341.500000	388.344539	533.115252	112.243882
342.000000	366.939836	496.259714	105.947465
342.500000	344.976593	312.019524	99.482850
343.000000	322.487400	308.754033	92.859852
343.500000	299.505827	300.568721	86.088579
344.000000	276.066371	247.541813	79.179419
344.500000	252.204418	409.132797	72.143030
345.000000	227.956185	263.377536	64.990317
345.500000	203.358672	242.477539	57.732422
346.000000	178.449608	181.262291	50.380707
346.500000	153.267396	290.668203	42.946737
347.000000	127.851056	38.984602	35.442262
347.500000	102.240167	26.809338	27.879201
348.000000	76.474805	229.567130	20.269622
348.500000	50.595486	-95.737309	12.625726
349.000000	24.643098	-19.084129	4.959826
349.500000	-1.341156	-93.160625	-2.715670
350.000000	-27.315829	-63.791483	-10.388281
350.500000	-53.239295	172.975858	-18.045471
351.000000	-79.069811	-261.562441	-25.674670
351.500000	-104.765591	-72.912429	-33.263295
352.000000	-130.284870	-100.616299	-40.798769
352.500000	-155.585977	-72.631550	-48.268543
353.000000	-180.627399	-35.028067	-55.660116
353.500000	-205.367858	-99.871464	-62.961058
354.000000	-229.766374	-211.311587	-70.159027
354.500000	-253.782342	-342.395004	-77.241796
355.000000	-277.375596	-257.467418	-84.197270
355.500000	-300.506485	-248.487121	-91.013507
356.000000	-323.135940	-71.332239	-97.678744
356.500000	-345.225545	-198.178982	-104.181411
357.000000	-366.737606	-332.875578	-110.510158
357.500000	-387.635218	-500.243244	-116.653870
358.000000	-407.882336	-421.888940	-122.601693
358.500000	-427.443841	-411.658021	-128.343052
359.000000	-446.285605	-455.773618	-133.867669
359.500000	-464.374560	-532.988011	-139.165586
360.000000	-481.678755	-386.914275	-144.227182
360.500000	-498.167426	-379.967392	-149.043192
361.000000	-513.811052	-511.737299	-153.604727
361.500000	-528.581418	-342.972560	-157.903289
362.000000	-542.451667	-523.421338	-161.930792
362.500000	-555.396365	-484.573153	-165.679575
363.000000	-567.391546	-700.740966	-169.142422
363.500000	-578.414769	-480.885468	-172.312576
364.000000	-588.445164	-633.017893	-175.183750
364.500000	-597.463485	-444.064993	-177.750150
365.000000	-605.452147	-523.763665	-180.006481
365.500000	-612.395276	-498.917783	-181.947960
366.000000	-618.278741	-872.400151	-183.570335
366.500000	-623.090199	-484.149297	-184.869886
367.000000	-626.819122	-633.528499	-185.843445
367.500000	-629.456830	-744.023246	-186.488397
368.000000	-630.996522	-616.611337	-186.802694
368.500000	-631.433298	-772.689449	-186.784860
369.000000	-630.764179	-588.177533	-186.433999
369.500000	-628.988131	-786.276204	-185.749799
370.000000	-626.106073	-536.608940	-184.732537
370.500000	-622.120895	-612.499659	-183.383083
371.000000	-617.037460	-646.705047	-181.702901
371.500000	-610.862614	-702.738087	-179.694054
372.000000	-603.605184	-599.845325	-177.359198
372.500000	-595.275975	-501.451864	-174.701589
373.000000	-585.887765	-590.824869	-171.725074
373.500000	-575.455294	-336.801188	-168.434092
374.000000	-563.995251	-690.706766	-164.833668
374.500000	-551.526256	-414.653817	-160.929409
375.000000	-538.068837	-622.593927	-156.727499
375.500000	-523.645410	-499.699869	-152.234686
376.000000	-508.280245	-607.973614	-147.458279
376.500000	-491.999435	-423.035124	-142.406137
377.000000	-474.830861	-205.813738	-137.086654
377.500000	-456.804153	-410.894685	-131.508755
378.000000	-437.950641	-345.221728	-125.681873
378.500000	-418.303316	-410.325389	-119.615943
379.000000	-397.896774	-280.909098	-113.321384
379.500000	-376.767160	-277.350618	-106.809080
380.000000	-354.952118	-403.894990	-100.090367
380.500000	-332.490722	-457.380036	-93.177012
381.000000	-309.423417	-237.495985	-86.081194
381.500000	-285.791950	-397.145904	-78.815486
382.000000	-261.639299	-367.720008	-71.392829
382.500000	-237.009599	-418.164517	-63.826514
383.000000	-211.948069	-183.094563	-56.130159
383.500000	-186.500929	-293.439375	-48.317681
384.000000	-160.715320	-257.060251	-40.403278
384.500000	-134.639220	-166.720328	-32.401396
385.000000	-108.321358	-72.543965	-24.326711
385.500000	-81.811122	-65.987241	-16.194095
386.000000	-55.158475	-329.163002	-8.018592
386.500000	-28.413853	98.562914	0.184607
387.000000	-1.628078	-183.032731	8.400199
387.500000	25.147740	40.821983	16.612792
388.000000	51.862302	-8.429207	24.806939
388.500000	78.464217	-116.988127	32.967164
389.000000	104.902103	96.484507	41.077993
389.500000	131.124687	164.490106	49.123987
390.000000	157.080905	44.743959	57.089767
390.500000	182.720003	86.585456	64.960050
391.000000	207.991643	150.492081	72.719678
391.500000	232.846001	277.450412	80.353646
392.000000	257.233870	237.458823	87.847136
392.500000	281.106761	249.202940	95.185546
393.000000	304.417004	488.070091	102.354522
393.500000	327.117847	598.692903	109.339983
394.000000	349.163557	483.521223	116.128159
394.500000	370.509518	420.525885	122.705614
395.000000	391.112322	351.554417	129.059275
395.500000	410.929870	230.079905	135.176466
396.000000	429.921464	447.742984	141.044929
396.500000	448.047891	504.675918	146.652858
397.000000	465.271522	394.399447	151.988920
397.500000	481.556388	363.220742	157.042284
398.000000	496.868271	431.055059	161.802646
398.500000	511.174779	537.799831	166.260250
399.000000	524.445424	461.418523	170.405916
399.500000	536.651701	459.583628	174.231059
400.000000	547.767150	319.703205	177.727713
400.500000	557.767432	501.261085	180.888546
401.000000	566.630384	696.522209	183.706886
401.500000	574.336082	378.946868	186.176732
402.000000	580.866896	623.274561	188.292775
402.500000	586.207539	609.105058	190.050412
403.000000	590.345112	699.169037	191.445758
403.500000	593.269150	601.575275	192.475662
404.000000	594.971652	781.069762	193.137715
404.500000	595.447116	662.706147	193.430259
405.000000	594.692567	525.318511	193.352399
405.500000	592.707575	521.526029	192.904005
406.000000	589.494275	481.559569	192.085720
406.500000	585.057374	444.802937	190.898962
407.000000	579.404159	671.384720	189.345925
407.500000	572.544495	642.141200	187.429580
408.000000	564.490824	368.177176	185.153673
408.500000	555.258146	393.239824	182.522722
409.000000	544.864013	404.994435	179.542011
409.500000	533.328496	587.500151	176.217587
410.000000	520.674163	437.744311	172.556243
410.500000	506.926046	391.376054	168.565519
411.000000	492.111599	532.308191	164.253683
411.500000	476.260654	370.562744	159.629716
412.000000	459.405373	492.637537	154.703306
412.500000	441.580189	153.559754	149.484820
413.000000	422.821746	185.873818	143.985294
413.500000	403.168835	376.644951	138.216409
414.000000	382.662318	280.268404	132.190471
414.500000	361.345055	268.102023	125.920386
415.000000	339.261820	422.623637	119.419637
415.500000	316.459213	210.524378	112.702258
416.000000	292.985573	408.160577	105.782804
416.500000	268.890877	571.316752	98.676327
417.000000	244.226643	67.578355	91.398340
417.500000	219.045825	75.463962	83.964790
418.000000	193.402700	-106.298232	76.392021
418.500000	167.352763	266.124054	68.696745
419.000000	140.952604	281.754332	60.896004
419.500000	114.259792	-22.878707	53.007135
420.000000	87.332753	-71.749941	45.047730
420.500000	60.230640	165.152466	37.035603
421.000000	33.013211	-3.573101	28.988751
421.500000	5.740694	-47.204264	20.925310
422.000000	-21.526344	154.651899	12.863518
422.500000	-48.727132	-295.087453	4.821677
423.000000	-75.800830	-22.270304	-3.181893
423.500000	-102.686666	-194.411341	-11.128890
424.000000	-129.324077	-99.320018	-19.001076
424.500000	-155.652843	-278.669674	-26.780318
425.000000	-181.613229	-200.187156	-34.448626
425.500000	-207.146123	-50.597085	-41.988200
426.000000	-232.193176	-173.240279	-49.381469
426.500000	-256.696936	-153.967670	-56.611131
427.000000	-280.600990	-201.201679	-63.660198
427.500000	-303.850095	-304.481936	-70.512036
428.000000	-326.390313	-369.243082	-77.150400
428.500000	-348.169144	-163.291246	-83.559481
429.000000	-369.135656	-277.732559	-89.723941
429.500000	-389.240608	-477.430578	-95.628953
430.000000	-408.436577	-489.673529	-101.260235
430.500000	-426.678077	-619.242156	-106.604089
431.000000	-443.921678	-572.859309	-111.647438
431.500000	-460.126114	-402.045934	-116.377854
432.000000	-475.252398	-639.010710	-120.783597
432.500000	-489.263919	-343.840932	-124.853642
433.000000	-502.126548	-581.898004	-128.577711
433.500000	-513.808726	-654.142711	-131.946301
434.000000	-524.281557	-525.152825	-134.950710
434.500000	-533.518889	-689.753160	-137.583063
435.000000	-541.497390	-433.452377	-139.836333
435.500000	-548.196619	-625.158194	-141.704366
436.000000	-553.599096	-797.162747	-143.181896
436.500000	-557.690349	-606.519742	-144.264566
437.000000	-560.458974	-593.357929	-144.948942
437.500000	-561.896677	-590.930712	-145.232526
438.000000	-561.998306	-1044.814832	-145.113767
438.500000	-560.761888	-530.884354	-144.592070
439.000000	-558.188644	-557.687525	-143.667804
439.500000	-554.283006	-651.432975	-142.342302
440.000000	-549.052625	-578.776642	-140.617869
440.500000	-542.508369	-113.679666	-138.497778
441.000000	-534.664310	-346.313834	-135.986266
441.500000	-525.537714	-595.773683	-133.088533
442.000000	-515.149009	-441.576240	-129.810731
442.500000	-503.521758	-461.803013	-126.159954
443.000000	-490.682612	-442.181776	-122.144229
443.500000	-476.661267	-499.455043	-117.772498
444.000000	-461.490402	-563.178851	-113.054603
444.500000	-445.205620	-439.193455	-108.001264
445.000000	-427.845368	-549.718643	-102.624061
445.500000	-409.450866	-200.433157	-96.935404
446.000000	-390.066013	-374.451930	-90.948515
446.500000	-369.737293	-485.778984	-84.677391
447.000000	-348.513677	-92.851487	-78.136779
447.500000	-326.446508	-430.041851	-71.342141
448.000000	-303.589392	-241.261530	-64.309620
448.500000	-279.998071	-226.810415	-57.056001
449.000000	-255.730296	-209.135430	-49.598675
449.500000	-230.845690	-161.705627	-41.955599
450.000000	-205.405615	-201.160692	-34.145249
450.500000	-179.473018	-48.615458	-26.186581
451.000000	-153.112284	-204.489548	-18.098986
451.500000	-126.389082	-62.052576	-9.902237
452.000000	-99.370201	-269.443713	-1.616448
452.500000	-72.123392	2.186296	6.737979
453.000000	-44.717194	26.865937	15.140405
453.500000	-17.220768	69.235154	23.570001
454.000000	10.296279	48.285096	32.005807
454.500000	37.764068	-186.075342	40.426780
455.000000	65.112627	89.603861	48.811848
455.500000	92.272071	185.440172	57.139966
456.000000	119.172783	214.753450	65.390170
456.500000	145.745589	137.887125	73.541629
457.000000	171.921950	243.188892	81.573702
457.500000	197.634130	209.729851	89.465993
458.000000	222.815387	319.665323	97.198403
458.500000	247.400145	704.931557	104.751184
459.000000	271.324173	499.430935	112.104994
459.500000	294.524759	311.950883	119.240948
460.000000	316.940882	209.771276	126.140669
460.500000	338.513378	176.537875	132.786342
461.000000	359.185111	558.936885	139.160760
461.500000	378.901124	381.353517	145.247375
462.000000	397.608803	324.346645	151.030341
462.500000	415.258025	461.083800	156.494565
463.000000	431.801301	391.420442	161.625746
463.500000	447.193916	651.924960	166.410419
464.000000	461.394064	564.921531	170.835994
464.500000	474.362971	490.529589	174.890795
465.000000	486.065013	512.679677	178.564094
465.500000	496.467828	526.623105	181.846146
466.000000	505.542420	571.411684	184.728218
466.500000	513.263250	583.192306	187.202621
467.000000	519.608325	471.299350	189.262731
467.500000	524.559272	568.690044	190.903016
468.000000	528.101405	669.043426	192.119052
468.500000	530.223787	253.816678	192.907547
469.000000	530.919272	419.891194	193.266348
469.500000	530.184547	689.952581	193.194457
470.000000	528.020159	738.120491	192.692040
470.500000	524.430530	622.982676	191.760428
471.000000	519.423966	279.229562	190.402123
471.500000	513.012654	295.640365	188.620793
472.000000	505.212643	413.803070	186.421273
472.500000	496.043822	497.767924	183.809552
473.000000	485.529886	445.663381	180.792765
473.500000	473.698284	663.759769	177.379177
474.000000	460.580163	129.638999	173.578169
474.500000	446.210301	887.455882	169.400214
475.000000	430.627028	575.790288	164.856854
475.500000	413.872135	114.794560	159.960674
476.000000	395.990776	562.483605	154.725272
476.500000	377.031355	603.439810	149.165224
477.000000	357.045413	278.027315	143.296051
477.500000	336.087492	359.041953	137.134177
478.000000	314.214998	194.478657	130.696891
478.500000	291.488058	24.021453	124.002298
479.000000	267.969358	569.581211	117.069275
479.500000	243.723982	225.001913	109.917422
480.000000	218.819237	9.983258	102.567008
480.500000	193.324478	281.282750	95.038918
481.000000	167.310913	-114.847646	87.354595
481.500000	140.851420	215.489127	79.535987
482.000000	114.020339	221.796633	71.605479
482.500000	86.893271	234.524679	63.585837
483.000000	59.546868	-42.997472	55.500146
483.500000	32.058617	181.606266	47.371739
484.000000	4.506626	274.192618	39.224137
484.500000	-23.030603	280.118072	31.080980
485.000000	-50.474393	279.602772	22.965962
485.500000	-77.746119	156.557866	14.902759
486.000000	-104.767437	69.549639	6.914963
486.500000	-131.460509	-562.022253	-0.973985
487.000000	-157.748233	-197.012444	-8.740868
487.500000	-183.554468	-155.434304	-16.362755
488.000000	-208.804262	-402.957444	-23.817077
488.500000	-233.424071	-344.910072	-31.081686
489.000000	-257.341987	-210.724516	-38.134928
489.500000	-280.487951	-127.843788	-44.955705
490.000000	-302.793964	-457.321230	-51.523541
490.500000	-324.194304	-143.479193	-57.818644
491.000000	-344.625720	-226.563100	-63.821966
491.500000	-364.027637	-85.366643	-69.515267
492.000000	-382.342341	-460.216907	-74.881166
492.500000	-399.515167	-235.253665	-79.903202
493.000000	-415.494671	-582.602341	-84.565882
493.500000	-430.232799	-497.812418	-88.854737
494.000000	-443.685044	-620.514216	-92.756362
494.500000	-455.810595	-364.944690	-96.258469
495.000000	-466.572473	-564.882397	-99.349921
495.500000	-475.937662	-682.337388	-102.020776
496.000000	-483.877225	-368.745526	-104.262321
496.500000	-490.366403	-347.102878	-106.067099
497.000000	-495.384718	-312.121206	-107.428943
497.500000	-498.916043	-739.829454	-108.342997
498.000000	-500.948677	-579.585517	-108.805738
498.500000	-501.475398	-618.550427	-108.814990
499.000000	-500.493504	-476.478362	-108.369941
499.500000	-498.004839	-463.625360	-107.471144
500.000000	-494.015812	-432.462304	-106.120531
500.500000	-488.537394	-561.444479	-104.321405
501.000000	-481.585106	-461.416608	-102.078439
501.500000	-473.178990	-777.400037	-99.397670
502.000000	-463.343568	-274.445340	-96.286483
502.500000	-452.107789	-225.117073	-92.753593
503.000000	-439.504955	-322.980604	-88.809031
503.500000	-425.572639	-49.258736	-84.464111
504.000000	-410.352592	-515.131167	-79.731405
504.500000	-393.890624	-216.204695	-74.624708
505.000000	-376.236486	-636.182946	-69.159004
505.500000	-357.443734	-437.669646	-63.350419
506.000000	-337.569572	-252.910384	-57.216180
506.500000	-316.674697	-459.070319	-50.774565
507.000000	-294.823124	-292.557651	-44.044851
507.500000	-272.081995	-226.912896	-37.047258
508.000000	-248.521390	-179.559409	-29.802889
508.500000	-224.214115	-669.575418	-22.333669
509.000000	-199.235488	-211.712307	-14.662279
509.500000	-173.663113	39.032235	-6.812088
510.000000	-147.576642	-220.080410	1.192917
510.500000	-121.057538	-272.534297	9.328204
511.000000	-94.188822	36.246280	17.568772
511.500000	-67.054818	-68.317295	25.889229
512.000000	-39.740892	-210.364201	34.263868
512.500000	-12.333183	45.119843	42.666748
513.000000	15.081665	356.070180	51.071779
513.500000	42.416778	-267.911790	59.452797
514.000000	69.585328	32.739639	67.783658
514.500000	96.500811	343.181685	76.038310
515.000000	123.077324	-211.663657	84.190885
515.500000	149.229846	91.575060	92.215780
516.000000	174.874512	185.975498	100.087740
516.500000	199.928887	474.813372	107.781941
517.000000	224.312241	559.434566	115.274071
517.500000	247.945816	186.495656	122.540414
518.000000	270.753085	60.943927	129.557925
518.500000	292.660015	23.459561	136.304309
519.000000	313.595314	471.536847	142.758097
519.500000	333.490673	747.685047	148.898719
520.000000	352.281005	277.930672	154.706576
520.500000	369.904666	728.007298	160.163102
521.000000	386.303673	339.604082	165.250838
521.500000	401.423911	712.868740	169.953488
522.000000	415.215319	297.697879	174.255976
522.500000	427.632079	408.159697	178.144504
523.000000	438.632779	787.723040	181.606602
523.500000	448.180569	366.828999	184.631173
524.000000	456.243299	378.621407	187.208535
524.500000	462.793650	596.074110	189.330461
525.000000	467.809235	262.379671	190.990211
525.500000	471.272702	529.771033	192.182558
526.000000	473.171805	-52.587152	192.903814
526.500000	473.499469	617.057990	193.151850
527.000000	472.253833	623.310707	192.926105
527.500000	469.438276	670.435754	192.227596
528.000000	465.061430	458.297055	191.058923
528.500000	459.137164	698.029828	189.424262
529.000000	451.684569	101.735822	187.329362
529.500000	442.727904	539.747134	184.781529
530.000000	432.296540	189.719027	181.789607
530.500000	420.424882	-131.127217	178.363957
531.000000	407.152266	277.233030	174.516425
531.500000	392.522853	487.598529	170.260309
532.000000	376.585489	266.089741	165.610319
532.500000	359.393568	176.635211	160.582533
533.000000	341.004855	315.162190	155.194347
533.500000	321.481316	128.180255	149.464421
534.000000	300.888920	-54.963817	143.412621
534.500000	279.297423	23.020372	137.059954
535.000000	256.780152	521.183016	130.428500
535.500000	233.413759	387.386134	123.541343
536.000000	209.277976	-119.022135	116.422493
536.500000	184.455348	-221.681055	109.096807
537.000000	159.030958	196.936330	101.589908
537.500000	133.092148	160.466168	93.928097
538.000000	106.728218	124.263526	86.138266
538.500000	80.030129	125.293187	78.247807
539.000000	53.090189	238.397017	70.284517
539.500000	26.001738	68.636368	62.276505
540.000000	-1.141172	-586.887468	54.252093
540.500000	-28.244104	-49.552708	46.239720
541.000000	-55.212569	370.733428	38.267841
541.500000	-81.952349	-570.212466	30.364827
542.000000	-108.369838	-92.546435	22.558867
542.500000	-134.372366	27.491678	14.877868
543.000000	-159.868534	6.883909	7.349354
543.500000	-184.768539	-105.492693	0.000367
544.000000	-208.984498	77.879096	-7.142627
544.500000	-232.430767	152.812247	-14.053838
545.000000	-255.024252	57.522013	-20.708243
545.500000	-276.684716	-741.524290	-27.081679
546.000000	-297.335072	-388.132626	-33.150933
546.500000	-316.901670	-630.351758	-38.893825
547.000000	-335.314576	-418.903227	-44.289297
547.500000	-352.507831	-667.686948	-49.317484
548.000000	-368.419706	-397.740051	-53.959799
548.500000	-382.992937	-450.916771	-58.198997
549.000000	-396.174948	242.602635	-62.019244
549.500000	-407.918054	-386.965134	-65.406182
550.000000	-418.179657	-567.313889	-68.346982
550.500000	-426.922414	-1055.107286	-70.830399
551.000000	-434.114391	-220.122173	-72.846817
551.500000	-439.729200	-222.655009	-74.388288
552.000000	-443.746115	-638.516928	-75.448572
552.500000	-446.150165	-493.355087	-76.023161
553.000000	-446.932214	-161.879145	-76.109302
553.500000	-446.089010	-462.144847	-75.706018
554.000000	-443.623220	-697.668011	-74.814110
554.500000	-439.543444	-639.371891	-73.436168
555.000000	-433.864200	-722.584787	-71.576566
555.500000	-426.605894	-562.265650	-69.241447
556.000000	-417.794766	-484.457152	-66.438713
556.500000	-407.462815	-800.913072	-63.178001
557.000000	-395.647697	-323.768011	-59.470650
557.500000	-382.392611	-580.973016	-55.329670
558.000000	-367.746154	-666.691330	-50.769694
558.500000	-351.762163	-288.603021	-45.806935
559.000000	-334.499532	-807.954030	-40.459129
559.500000	-316.022009	-276.326782	-34.745471
560.000000	-296.397979	-702.167925	-28.686557
560.500000	-275.700220	-449.418955	-22.304301
561.000000	-254.005652	-258.993362	-15.621867
561.500000	-231.395056	-115.541241	-8.663583
562.000000	-207.952791	259.823488	-1.454850
562.500000	-183.766486	-294.231685	5.977941
563.000000	-158.926721	-202.441971	13.607515
563.500000	-133.526697	-432.281036	21.405804
564.000000	-107.661894	41.472278	29.344056
564.500000	-81.429713	-93.388721	37.392939
565.000000	-54.929119	-161.725963	45.522652
565.500000	-28.260270	-64.590313	53.703033
566.000000	-1.524137	-144.438192	61.903676
566.500000	25.177876	-54.091643	70.094044
567.000000	51.744316	-87.591350	78.243586
567.500000	78.074069	35.714443	86.321852
568.000000	104.066747	-120.442428	94.298612
568.500000	129.623078	573.481927	102.143971
569.000000	154.645288	-2.212776	109.828485
569.500000	179.037482	289.327373	117.323278
570.000000	202.706022	251.472061	124.600150
570.500000	225.559890	494.981644	131.631694
571.000000	247.511056	202.264671	138.391399
571.500000	268.474822	323.431784	144.853760
572.000000	288.370165	586.660447	150.994377
572.500000	307.120060	-123.064722	156.790056
573.000000	324.651796	506.640186	162.218901
573.500000	340.897272	36.154161	167.260403
574.000000	355.793279	217.885705	171.895528
574.500000	369.281759	677.089510	176.106792
575.000000	381.310053	950.840156	179.878338
575.500000	391.831123	76.035412	183.196001
576.000000	400.803756	445.568700	186.047370
576.500000	408.192744	834.160335	188.421843
577.000000	413.969040	861.212691	190.310672
577.500000	418.109899	740.041558	191.707007
578.000000	420.598980	783.336134	192.605929
578.500000	421.426438	292.087866	193.004472
579.000000	420.588978	666.222708	192.901644
579.500000	418.089894	206.280144	192.298437
580.000000	413.939075	305.327361	191.197830
580.500000	408.152986	647.768405	189.604779
581.000000	400.754624	316.789226	187.526211
581.500000	391.773447	951.998357	184.970996
582.000000	381.245275	56.152425	181.949922
582.500000	369.212171	778.323375	178.475655
583.000000	355.722286	386.629428	174.562694
583.500000	340.829690	512.515232	170.227324
584.000000	324.594168	426.176957	165.487546
584.500000	307.081001	620.793008	160.363021
585.000000	288.360719	285.633544	154.874987
585.500000	268.508829	78.086241	149.046182
586.000000	247.605529	684.659818	142.900757
586.500000	225.735394	133.463989	136.464181
587.000000	202.987047	88.376282	129.763141
587.500000	179.452810	86.592600	122.825440
588.000000	155.228343	158.430899	115.679883
588.500000	130.412258	-316.445784	108.356168
589.000000	105.105729	8.844494	100.884761
589.500000	79.412085	75.118441	93.296779
590.000000	53.436392	189.389524	85.623861
590.500000	27.285024	-258.626409	77.898041
591.000000	1.065238	-245.236920	70.151618
591.500000	-25.115276	-189.008032	62.417020
592.000000	-51.148830	-28.644903	54.726678
592.500000	-76.928188	-398.870903	47.112885
593.000000	-102.347006	-43.807193	39.607663
593.500000	-127.300282	-563.388825	32.242634
594.000000	-151.684792	-608.945664	25.048883
594.500000	-175.399524	174.713490	18.056828
595.000000	-198.346107	37.454465	11.296091
595.500000	-220.429230	2.200619	4.795376
596.000000	-241.557046	300.501595	-1.417659
596.500000	-261.641571	-114.886315	-7.316519
597.000000	-280.599058	-412.186464	-12.875985
597.500000	-298.350369	-127.332759	-18.072225
598.000000	-314.821313	-611.621355	-22.882897
598.500000	-329.942979	-600.141370	-27.287249
599.000000	-343.652038	-301.849514	-31.266211
599.500000	-355.891029	-134.995749	-34.802479
600.000000	-366.608619	59.661455	-37.880594
600.500000	-375.759836	-829.813715	-40.487015
601.000000	-383.306281	-859.298286	-42.610176
601.500000	-389.216307	-535.057437	-44.240549
602.000000	-393.465178	-21.986338	-45.370684
602.500000	-396.035187	-526.588874	-45.995249
603.000000	-396.915761	-482.652279	-46.111060
603.500000	-396.103516	162.882892	-45.717098
604.000000	-393.602301	143.949819	-44.814523
604.500000	-389.423198	-419.924964	-43.406670
605.000000	-383.584493	-431.511544	-41.499048
605.500000	-376.111623	-521.870654	-39.099315
606.000000	-367.037082	-393.893940	-36.217258
606.500000	-356.400302	-198.342327	-32.864750
607.000000	-344.247502	-378.263420	-29.055710
607.500000	-330.631510	-624.246827	-24.806047
608.000000	-315.611547	-312.657420	-20.133594
608.500000	-299.252992	-903.552473	-15.058040
609.000000	-281.627113	-122.089822	-9.600845
609.500000	-262.810773	319.074935	-3.785157
610.000000	-242.886112	-322.714872	2.364289
610.500000	-221.940201	-133.868024	8.821273
611.000000	-200.064676	-3.944488	15.558200
611.500000	-177.355347	-342.283890	22.546217
612.000000	-153.911794	-954.163689	29.755337
612.500000	-129.836933	-513.200866	37.154569
613.000000	-105.236578	-53.569742	44.712046
613.500000	-80.218981	293.774615	52.395172
614.000000	-54.894359	-43.267609	60.170755
614.500000	-29.374414	-475.900189	68.005156
615.000000	-3.771843	69.882637	75.864440
615.500000	21.800162	-203.274660	83.714519
616.000000	47.228408	-50.862885	91.521307
616.500000	72.400214	-188.208514	99.250871
617.000000	97.203907	193.535930	106.869581
617.500000	121.529325	730.334205	114.344265
618.000000	145.268312	-607.096729	121.642352
618.500000	168.315209	173.636276	128.732024
619.000000	190.567331	282.654220	135.582358
619.500000	211.925440	650.472431	142.163471
620.000000	232.294192	316.969920	148.446650
620.500000	251.582585	345.666173	154.404492
621.000000	269.704376	-15.505922	160.011024
621.500000	286.578480	750.561276	165.241831
622.000000	302.129356	965.951891	170.074162
622.500000	316.287357	-439.393342	174.487045
623.000000	328.989065	-469.928492	178.461382
623.500000	340.177594	-32.002303	181.980042
624.000000	349.802862	862.985876	185.027945
624.500000	357.821843	824.542477	187.592132
625.000000	364.198775	779.660152	189.661836
625.500000	368.905343	231.960728	191.228528
626.000000	371.920830	276.575511	192.285971
626.500000	373.232229	853.592297	192.830247
627.000000	372.834320	206.361919	192.859785
627.500000	370.729720	310.467854	192.375373
628.000000	366.928882	502.471831	191.380158
628.500000	361.450072	433.725002	189.879641
629.000000	354.319305	564.358413	187.881656
629.500000	345.570237	-3.695143	185.396338
630.000000	335.244037	577.355553	182.436085
630.500000	323.389209	200.443057	179.015504
631.000000	310.061385	17.898374	175.151346
631.500000	295.323087	-255.360049	170.862441
632.000000	279.243451	785.382527	166.169607
632.500000	261.897919	-56.920256	161.095563
633.000000	243.367907	-78.346449	155.664826
633.500000	223.740432	-349.892004	149.903601
634.000000	203.107725	459.517741	143.839662
634.500000	181.566806	420.626203	137.502226
635.000000	159.219044	93.290377	130.921818
635.500000	136.169686	83.605416	124.130132
636.000000	112.527375	-240.397617	117.159885
636.500000	88.403644	0.704218	110.044665
637.000000	63.912395	-213.585634	102.818770
637.500000	39.169368	232.688285	95.517055
638.000000	14.291594	518.628745	88.174763
638.500000	-10.603152	28.758325	80.827360
639.000000	-35.396915	8.889615	73.510367
639.500000	-59.972114	-335.257199	66.259192
640.000000	-84.212108	103.963405	59.108960
640.500000	-108.001755	35.865742	52.094344
641.000000	-131.227961	41.628116	45.249403
641.500000	-153.780229	-809.588770	38.607410
642.000000	-175.551195	16.967585	32.200698
642.500000	-196.437147	222.048601	26.060497
643.000000	-216.338536	287.215635	20.216786
643.500000	-235.160461	-268.080267	14.698143
644.000000	-252.813139	-102.386928	9.531606
644.500000	-269.212347	2.445326	4.742536
645.000000	-284.279845	-621.922220	0.354496
645.500000	-297.943766	85.925836	-3.610873
646.000000	-310.138981	-1065.450069	-7.133958
646.500000	-320.807424	-1340.301061	-10.197274
647.000000	-329.898396	-849.902992	-12.785552
647.500000	-337.368827	-709.626757	-14.885823
648.000000	-343.183501	299.656930	-16.487481
648.500000	-347.315244	72.358744	-17.582345
649.000000	-349.745079	191.667603	-18.164698
649.500000	-350.462331	-467.449253	-18.231327
650.000000	-349.464702	-380.459760	-17.781539
650.500000	-346.758299	-283.091214	-16.817173
651.000000	-342.357620	155.082257	-15.342595
651.500000	-336.285502	-280.207339	-13.364683
652.000000	-328.573029	-571.534949	-10.892797
652.500000	-319.259391	-357.882212	-7.938738
653.000000	-308.391710	-878.635025	-4.516697
653.500000	-296.024826	-946.315988	-0.643188
654.000000	-282.221034	-55.035061	3.663028
654.500000	-267.049799	280.922613	8.381035
655.000000	-250.587421	-14.189737	13.487855
655.500000	-232.916667	-596.589579	18.958563
656.000000	-214.126376	-197.584620	24.766406
656.500000	-194.311029	-769.920753	30.882934
657.000000	-173.570281	612.222485	37.278136
657.500000	-152.008479	-349.168574	43.920588
658.000000	-129.734147	268.947227	50.777611
658.500000	-106.859448	993.510226	57.815427
659.000000	-83.499628	-736.985630	64.999332
659.500000	-59.772442	-282.538020	72.293865
660.000000	-35.797565	-80.634958	79.662988
660.500000	-11.695992	228.947868	87.070263
661.000000	12.410573	423.763026	94.479042
661.500000	36.400330	-431.827800	101.852645
662.000000	60.152001	-769.236153	109.154552
662.500000	83.545448	831.229107	116.348583
663.000000	106.462285	23.630766	123.399089
663.500000	128.786486	-193.997646	130.271129
664.000000	150.404979	-488.252616	136.930653
664.500000	171.208232	68.015118	143.344678
665.000000	191.090817	502.038859	149.481453
665.500000	209.951961	507.343456	155.310634
666.000000	227.696070	-32.821835	160.803432
666.500000	244.233228	278.037879	165.932771
667.000000	259.479676	109.925157	170.673427
667.500000	273.358250	413.968665	175.002163
668.000000	285.798790	306.377817	178.897853
668.500000	296.738524	-2.465376	182.341591
669.000000	306.122395	-410.978642	185.316800
669.500000	313.903371	563.600230	187.809315
670.000000	320.042697	371.433420	189.807466
670.500000	324.510114	19.155816	191.302141
671.000000	327.284031	-195.132411	192.286838
671.500000	328.351656	688.263299	192.757705
672.000000	327.709075	362.209071	192.713562
672.500000	325.361291	352.441045	192.155918
673.000000	321.322215	544.001211	191.088960
673.500000	315.614604	418.317472	189.519542
674.000000	308.269964	714.296908	187.457152
674.500000	299.328397	118.831898	184.913865
675.000000	288.838404	196.158114	181.904288
675.500000	276.856647	583.136696	178.445483
676.000000	263.447664	422.113097	174.556886
676.500000	248.683541	613.566240	170.260204
677.000000	232.643547	722.772627	165.579307
677.500000	215.413720	1153.382727	160.540106
678.000000	197.086431	44.034194	155.170418
678.500000	177.759900	874.986926	149.499818
679.000000	157.537682	-387.538563	143.559493
679.500000	136.528129	-59.093850	137.382072
680.000000	114.843819	-275.427634	131.001455
680.500000	92.600961	596.860462	124.452637
681.000000	69.918780	-277.867501	117.771522
681.500000	46.918885	-219.983404	110.994732
682.000000	23.724621	-379.748502	104.159410
682.500000	0.460410	-452.002976	97.303023
683.000000	-22.748918	418.982014	90.463164
683.500000	-45.778796	1093.387284	83.677345
684.000000	-68.505586	-531.537739	76.982797
684.500000	-90.807257	-1005.582268	70.416269
685.000000	-112.564041	-183.652242	64.013827
685.500000	-133.659085	34.484041	57.810660
686.000000	-153.979091	-788.747582	51.840888
686.500000	-173.414937	221.099160	46.137370
687.000000	-191.862272	-61.254628	40.731530
687.500000	-209.222098	-336.094336	35.653182
688.000000	-225.401311	-1262.675532	30.930361
688.500000	-240.313223	-183.943608	26.589174
689.000000	-253.878044	-1100.151159	22.653648
689.500000	-266.023328	-1257.158716	19.145599
690.000000	-276.684382	-439.520863	16.084508
690.500000	-285.804634	-713.620853	13.487413
691.000000	-293.335953	-494.746689	11.368806
691.500000	-299.238930	-253.033746	9.740556
692.000000	-303.483106	-1296.333878	8.611835
692.500000	-306.047152	556.854782	7.989066
693.000000	-306.919004	102.570484	7.875881
693.500000	-306.095940	863.431463	8.273101
694.000000	-303.584611	538.118104	9.178723
694.500000	-299.401016	-822.299326	10.587928
695.000000	-293.570428	-194.913693	12.493106
695.500000	-286.127267	-300.591080	14.883892
696.000000	-277.114920	-381.839950	17.747220
696.500000	-266.585512	-1185.840633	21.067394
697.000000	-254.599631	-686.676204	24.826168
697.500000	-241.225994	-255.004752	29.002849
698.000000	-226.541082	19.247521	33.574405
698.500000	-210.628716	-143.506912	38.515595
699.000000	-193.579599	262.785603	43.799104
699.500000	-175.490818	31.341018	49.395696
700.000000	-156.465301	-390.992710	55.274376
700.500000	-136.611248	-360.137481	61.402559
701.000000	-116.041531	-29.276711	67.746256
701.500000	-94.873056	-523.229209	74.270263
702.000000	-73.226111	-183.391789	80.938356
702.500000	-51.223688	-194.132806	87.713496
703.000000	-28.990790	740.019423	94.558042
703.500000	-6.653721	154.800860	101.433957
704.000000	15.660626	-144.548995	108.303030
704.500000	37.825497	-465.352227	115.127089
705.000000	59.714994	-433.569561	121.868223
705.500000	81.204799	-421.711090	128.488995
706.000000	102.172887	609.662816	134.952657
706.500000	122.500222	-68.109497	141.223364
707.000000	142.071450	166.213060	147.266378
707.500000	160.775562	-621.502079	153.048270
708.000000	178.506538	994.931226	158.537114
708.500000	195.163964	-43.879667	163.702670
709.000000	210.653615	40.909721	168.516564
709.500000	224.888010	-636.707297	172.952452
710.000000	237.786922	-623.940046	176.986175
710.500000	249.277853	469.952675	180.595900
711.000000	259.296462	777.285148	183.762252
711.500000	267.786946	466.894707	186.468428
712.000000	274.702379	333.179585	188.700295
712.500000	280.004990	84.618039	190.446479
713.000000	283.666396	481.640891	191.698433
713.500000	285.667777	268.318680	192.450489
714.000000	285.999997	511.082048	192.699897
714.500000	284.663669	-172.830939	192.446841
715.000000	281.669160	513.168536	191.694442
715.500000	277.036542	101.920085	190.448746
716.000000	270.795486	473.248761	188.718688
716.500000	262.985095	244.446438	186.516042
717.000000	253.653687	380.684941	183.855359
717.500000	242.858518	493.364223	180.753882
718.000000	230.665454	335.337235	177.231444
718.500000	217.148589	376.492766	173.310359
719.000000	202.389819	-165.695472	169.015289
719.500000	186.478362	59.061894	164.373100
720.000000	169.510236	300.368530	159.412708
720.500000	151.587697	-460.843421	154.164905
721.000000	132.818637	135.978211	148.662181
721.500000	113.315945	-143.974174	142.938533
722.000000	93.196840	-374.832187	137.029260
722.500000	72.582177	536.707138	130.970755
723.000000	51.595726	-463.376619	124.800290
723.500000	30.363434	46.023674	118.555792
724.000000	9.012673	816.760463	112.275620
724.500000	-12.328524	-75.461438	105.998327
725.000000	-33.532230	-679.103302	99.762438
725.500000	-54.471396	49.647511	93.606213
726.000000	-75.020615	733.944342	87.567415
726.500000	-95.056882	383.017846	81.683087
727.000000	-114.460338	39.785267	75.989323
727.500000	-133.114997	-1063.263783	70.521051
728.000000	-150.909453	90.734009	65.311818
728.500000	-167.737557	-3.371824	60.393591
729.000000	-183.499071	-1232.076320	55.796556
729.500000	-198.100276	-540.602493	51.548935
730.000000	-211.454551	-113.327198	47.676812
730.500000	-223.482907	450.771053	44.203975
731.000000	-234.114473	82.514827	41.151764
731.500000	-243.286938	342.793276	38.538945
732.000000	-250.946938	-362.888133	36.381588
732.500000	-257.050389	-754.897529	34.692968
733.000000	-261.562764	-465.402549	33.483481
733.500000	-264.459314	1059.693457	32.760582
734.000000	-265.725227	-377.060248	32.528731
734.500000	-265.355726	6.622740	32.789365
735.000000	-263.356106	576.346834	33.540892
735.500000	-259.741706	631.060590	34.778690
736.000000	-254.537826	123.710794	36.495142
736.500000	-247.779575	-471.693327	38.679676
737.000000	-239.511659	-781.493263	41.318827
737.500000	-229.788109	-204.350736	44.396326
738.000000	-218.671958	-580.669992	47.893191
738.500000	-206.234847	-1387.049561	51.787848
739.000000	-192.556587	-393.185145	56.056262
739.500000	-177.724671	-995.258181	60.672087
740.000000	-161.833723	7.357510	65.606827
740.500000	-144.984922	989.689596	70.830013
741.000000	-127.285362	-325.630702	76.309396
741.500000	-108.847392	-417.565125	82.011142
742.000000	-89.787909	80.831031	87.900050
742.500000	-70.227630	83.470184	93.939767
743.000000	-50.290331	-963.418608	100.093019
743.500000	-30.102071	65.952502	106.321845
744.000000	-9.790398	265.624677	112.587836
744.500000	10.516456	441.339835	118.852375
745.000000	30.690387	-941.532147	125.076886
745.500000	50.604227	494.108380	131.223074
746.000000	70.132556	-629.106939	137.253169
746.500000	89.152491	-577.619671	143.130168
747.000000	107.544476	1264.945700	148.818066
747.500000	125.193040	-421.830669	154.282092
748.000000	141.987537	441.975575	159.488926
748.500000	157.822851	-303.137778	164.406912
749.000000	172.600074	-981.098557	169.006267
749.500000	186.227137	-304.550941	173.259264
750.000000	198.619407	-32.170368	177.140417
750.500000	209.700226	769.926005	180.626642
751.000000	219.401415	25.698035	183.697407
751.500000	227.663707	-208.518372	186.334865
752.000000	234.437140	93.723287	188.523970
752.500000	239.681374	-110.508437	190.252575
753.000000	243.365961	189.834694	191.511510
753.500000	245.470542	-268.064659	192.294644
754.000000	245.984983	749.770869	192.598925
754.500000	244.909444	636.314537	192.424403
755.000000	242.254381	205.071790	191.774225
755.500000	238.040481	555.493265	190.654620
756.000000	232.298529	-246.838764	189.074861
756.500000	225.069214	233.126998	187.047200
757.000000	216.402864	154.318466	184.586792
757.500000	206.359119	145.678247	181.711597
758.000000	195.006548	-809.937313	178.442264
758.500000	182.422197	32.150350	174.801995
759.000000	168.691090	890.722953	170.816394
759.500000	153.905671	337.366706	166.513298
760.000000	138.165201	766.229712	161.922600
760.500000	121.575104	-262.042776	157.076047
761.000000	104.246278	-588.511493	152.007034
761.500000	86.294359	365.598879	146.750383
762.000000	67.838965	-256.150979	141.342117
762.500000	49.002902	407.576378	135.819217
763.000000	29.911355	-776.995086	130.219380
763.500000	10.691057	854.410007	124.580772
764.000000	-8.530550	569.211443	118.941769
764.500000	-27.626162	-994.986391	113.340709
765.000000	-46.469457	455.211088	107.815631
765.500000	-64.935938	344.822169	102.404026
766.000000	-82.903765	219.044947	97.142585
766.500000	-100.254561	-653.032025	92.066956
767.000000	-116.874209	273.780568	87.211503
767.500000	-132.653615	-454.038797	82.609080
768.000000	-147.489435	-788.564974	78.290807
768.500000	-161.284771	168.499932	74.285864
769.000000	-173.949822	1420.943561	70.621293
769.500000	-185.402484	261.608151	67.321819
770.000000	-195.568906	-88.512917	64.409681
770.500000	-204.383985	200.404344	61.904485
771.000000	-211.791805	144.399810	59.823069
771.500000	-217.746016	-506.061161	58.179390
772.000000	-222.210144	-316.157216	56.984433
772.500000	-225.157839	59.255849	56.246132
773.000000	-226.573051	-1647.509461	55.969321
773.500000	-226.450140	-1885.420866	56.155698
774.000000	-224.793911	103.574348	56.803816
774.500000	-221.619580	787.187354	57.909093
775.000000	-216.952671	-702.015993	59.463842
775.500000	-210.828838	2028.526764	61.457328
776.000000	-203.293619	472.525011	63.875836
776.500000	-194.402125	-941.400828	66.702771
777.000000	-184.218661	195.797482	69.918768
777.500000	-172.816281	-680.565808	73.501827
778.000000	-160.276286	-586.559850	77.427466
778.500000	-146.687664	-281.264889	81.668887
779.000000	-132.146474	750.672926	86.197163
779.500000	-116.755186	-196.698484	90.981436
780.000000	-100.621967	-172.108158	95.989133
780.500000	-83.859939	-980.748232	101.186189
781.000000	-66.586391	-379.920060	106.537283
781.500000	-48.921968	-164.237297	112.006085
782.000000	-30.989832	631.588545	117.555505
782.500000	-12.914809	-119.493132	123.147954
783.000000	5.177480	1378.688017	128.745603
783.500000	23.161494	539.212872	134.310646
784.000000	40.912642	-48.520246	139.805563
784.500000	58.308157	-680.160467	145.193387
785.000000	75.227950	184.907296	150.437951
785.500000	91.555444	1148.391632	155.504152
786.000000	107.178394	350.103288	160.358188
786.500000	121.989670	-830.334805	164.967797
787.000000	135.888003	1715.243546	169.302484
787.500000	148.778698	573.990068	173.333732
788.000000	160.574292	-1482.787025	177.035203
788.500000	171.195170	-570.812187	180.382922
789.000000	180.570120	459.734762	183.355444
789.500000	188.636831	-1533.170614	185.934005
790.000000	195.342329	276.970647	188.102653
790.500000	200.643349	884.257406	189.848358
791.000000	204.506631	-865.883833	191.161104
791.500000	206.909154	-668.597572	192.033960
792.000000	207.838291	-1587.989313	192.463122
792.500000	207.291895	-584.090683	192.447945
793.000000	205.278304	1358.340146	191.990939
793.500000	201.816282	610.187993	191.097754
794.000000	196.934868	1137.129475	189.777136
794.500000	190.673172	53.269165	188.040862
795.000000	183.080082	54.682452	185.903654
795.500000	174.213911	403.887829	183.383072
796.000000	164.141971	-664.462949	180.499387
796.500000	152.940083	-819.343316	177.275430
797.000000	140.692026	-1136.584828	173.736433
797.500000	127.488931	1363.910952	169.909836
798.000000	113.428617	1339.317799	165.825098
798.500000	98.614880	-474.584965	161.513474
799.000000	83.156741	1911.122128	157.007797
799.500000	67.167652	147.784526	152.342230
800.000000	50.764673	112.125745	147.552025
800.500000	34.067620	52.701791	142.673263
801.000000	17.198194	-1237.466080	137.742593
801.500000	0.279097	-86.622397	132.796965
802.000000	-16.566864	245.118748	127.873361
802.500000	-33.217670	682.132062	123.008526
803.000000	-49.552976	716.868544	118.238700
803.500000	-65.454990	-719.664509	113.599355
804.000000	-80.809332	-1261.475422	109.124935
804.500000	-95.505864	-77.948156	104.848607
805.000000	-109.439494	-701.829525	100.802017
805.500000	-122.510945	-1056.041941	97.015064
806.000000	-134.627470	575.783424	93.515675
806.500000	-145.703536	-1731.246690	90.329609
807.000000	-155.661438	-1026.171020	87.480265
807.500000	-164.431869	24.852931	84.988514
808.000000	-171.954419	436.753870	82.872548
808.500000	-178.178012	-650.794616	81.147748
809.000000	-183.061276	298.496157	79.826573
809.500000	-186.572835	-74.216698	78.918471
810.000000	-188.691532	334.702885	78.429813
810.500000	-189.406574	-476.774758	78.363850
811.000000	-188.717601	-906.762002	78.720690
811.500000	-186.634675	-573.016702	79.497303
812.000000	-183.178195	-97.106324	80.687546
812.500000	-178.378731	-571.528780	82.282213
813.000000	-172.276785	-531.569413	84.269107
813.500000	-164.922472	-1479.872399	86.633138
814.000000	-156.375141	-946.083928	89.356432
814.500000	-146.702910	495.937901	92.418477
815.000000	-135.982151	-619.540186	95.796274
815.500000	-124.296903	1948.373133	99.464516
816.000000	-111.738231	1756.962629	103.395779
816.500000	-98.403532	831.189104	107.560734
817.000000	-84.395790	242.977035	111.928368
817.500000	-69.822799	864.329881	116.466221
818.000000	-54.796331	625.376068	121.140632
818.500000	-39.431299	-346.406424	125.916999
819.000000	-23.844870	621.535026	130.760036
819.500000	-8.155585	-994.744231	135.634048
820.000000	7.517549	-478.312485	140.503196
820.500000	23.055963	-272.808464	145.331774
821.000000	38.342424	-1240.693510	150.084480
821.500000	53.261925	44.120548	154.726680
822.000000	67.702564	682.869944	159.224676
822.500000	81.556386	703.686226	163.545959
823.000000	94.720206	-71.351290	167.659456
823.500000	107.096389	1249.738381	171.535764
824.000000	118.593589	1982.440478	175.147378
824.500000	129.127439	724.122901	178.468889
825.000000	138.621189	-515.759564	181.477187
825.500000	147.006281	654.504600	184.151625
826.000000	154.222864	1016.341722	186.474179
826.500000	160.220238	-341.645081	188.429583
827.000000	164.957234	-369.226186	190.005438
827.500000	168.402512	-663.432394	191.192308
828.000000	170.534788	-3.721346	191.983782
828.500000	171.342980	641.459683	192.376523
829.000000	170.826276	612.905118	192.370287
829.500000	168.994122	1056.007917	191.967919
830.000000	165.866130	-754.977374	191.175324
830.500000	161.471910	806.154846	190.001418
831.000000	155.850815	-1798.836374	188.458054
831.500000	149.051623	-1237.372424	186.559919
832.000000	141.132133	1418.218982	184.324419
832.500000	132.158701	1178.644907	181.771537
833.000000	122.205702	-822.432487	178.923669
833.500000	111.354933	868.146263	175.805448
834.000000	99.694957	1268.487569	172.443544
834.500000	87.320398	-367.692951	168.866452
835.000000	74.331179	499.408612	165.104261
835.500000	60.831731	-682.168222	161.188421
836.000000	46.930162	551.026791	157.151487
836.500000	32.737392	1164.723807	153.026861
837.000000	18.366277	168.859671	148.848529
837.500000	3.930709	221.243555	144.650787
838.000000	-10.455281	1324.686300	140.467975
838.500000	-24.678434	-610.353043	136.334199
839.000000	-38.627154	133.206427	132.283066
839.500000	-52.192391	139.235718	128.347415
840.000000	-65.268503	700.617436	124.559057
840.500000	-77.754090	-482.228909	120.948530
841.000000	-89.552789	-231.766008	117.544851
841.500000	-100.574033	-394.220885	114.375294
842.000000	-110.733762	1266.328141	111.465172
842.500000	-119.955078	548.676619	108.837642
843.000000	-128.168844	457.573802	106.513524
843.500000	-135.314218	178.268805	104.511141
844.000000	-141.339127	25.427949	102.846172
844.500000	-146.200659	-998.167373	101.531541
845.000000	-149.865385	455.394217	100.577315
845.500000	-152.309611	-1084.127129	99.990628
846.000000	-153.519539	638.872528	99.775636
846.500000	-153.491356	-1722.895661	99.933486
847.000000	-152.231242	676.064114	100.462319
847.500000	-149.755291	-1597.009115	101.357287
848.000000	-146.089357	-296.351014	102.610604
848.500000	-141.268821	1310.994324	104.211617
849.000000	-135.338277	-172.228527	106.146896
849.500000	-128.351147	1538.181682	108.400353
850.000000	-120.369223	-439.147747	110.953381
850.500000	-111.462142	-220.731120	113.785010
851.000000	-101.706797	1338.684423	116.872084
851.500000	-91.186687	-490.218270	120.189457
852.000000	-79.991224	-927.767061	123.710206
852.500000	-68.214979	-1147.402626	127.405851
853.000000	-55.956893	1015.516823	131.246596
853.500000	-43.319461	118.605675	135.201577
854.000000	-30.407871	88.599795	139.239118
854.500000	-17.329138	339.343171	143.326991
855.000000	-4.191220	-384.966139	147.432688
855.500000	8.897880	790.158190	151.523684
856.000000	21.831001	-648.732274	155.567708
856.500000	34.502706	-1905.075535	159.533010
857.000000	46.810147	187.970378	163.388618
857.500000	58.653913	1593.720470	167.104596
858.000000	69.938837	1235.135527	170.652285
858.500000	80.574777	-2383.267215	174.004539
859.000000	90.477346	-1545.949500	177.135948
859.500000	99.568598	341.150383	180.023037
860.000000	107.777652	1293.618058	182.644463
860.500000	115.041267	40.267609	184.981181
861.000000	121.304339	-135.427738	187.016597
861.500000	126.520339	613.182310	188.736699
862.000000	130.651670	1051.097535	190.130166
862.500000	133.669960	-161.564008	191.188452
863.000000	135.556259	121.982774	191.905853
863.500000	136.301176	23.259615	192.279540
864.000000	135.904922	728.169642	192.309577
864.500000	134.377276	828.801708	191.998907
865.000000	131.737468	-533.572091	191.353323
865.500000	128.013991	1264.032391	190.381404
866.000000	123.244321	1544.995237	189.094437
866.500000	117.474575	601.992888	187.506307
867.000000	110.759087	-1920.602961	185.633379
867.500000	103.159921	-943.692581	183.494341
868.000000	94.746317	-571.424986	181.110045
868.500000	85.594078	-197.544220	178.503317
869.000000	75.784901	-392.021946	175.698759
869.500000	65.405660	244.024665	172.722534
870.000000	54.547651	-973.649926	169.602133
870.500000	43.305793	232.168131	166.366140
871.000000	31.777809	-187.010824	163.043984
871.500000	20.063374	-2175.904020	159.665680
872.000000	8.263260	-87.554836	156.261575
872.500000	-3.521530	60.452988	152.862084
873.000000	-15.190634	454.015540	149.497431
873.500000	-26.645187	-314.622016	146.197388
874.000000	-37.788665	-659.123328	142.991021
874.500000	-48.527706	1467.428741	139.906446
875.000000	-58.772901	-596.683448	136.970587
875.500000	-68.439551	-593.466131	134.208950
876.000000	-77.448379	367.859549	131.645409
876.500000	-85.726188	-269.904017	129.302005
877.000000	-93.206478	1006.775440	127.198765
877.500000	-99.829986	-985.265822	125.353536
878.000000	-105.545177	-358.590868	123.781835
878.500000	-110.308653	33.029623	122.496733
879.000000	-114.085497	-194.895016	121.508743
879.500000	-116.849543	-2208.148146	120.825746
880.000000	-118.583566	-1319.387891	120.452929
880.500000	-119.279390	274.988946	120.392753
881.000000	-118.937922	875.097951	120.644946
881.500000	-117.569104	-558.661697	121.206513
882.000000	-115.191786	-2887.436847	122.071779
882.500000	-111.833519	-395.102413	123.232446
883.000000	-107.530276	-1608.106686	124.677681
883.500000	-102.326097	-1785.032499	126.394224
884.000000	-96.272663	1730.202477	128.366510
884.500000	-89.428808	653.445046	130.576822
885.000000	-81.859964	-870.097093	133.005456
885.500000	-73.637557	586.691432	135.630903
886.000000	-64.838342	1306.270092	138.430049
886.500000	-55.543704	1604.219208	141.378386
887.000000	-45.838909	1373.160755	144.450237
887.500000	-35.812336	1307.310439	147.618988
888.000000	-25.554671	200.765812	150.857329
888.500000	-15.158093	-2278.009321	154.137503
889.000000	-4.715448	-73.018686	157.431549
889.500000	5.680587	-899.526324	160.711559
890.000000	15.938325	287.463203	163.949923
890.500000	25.967882	-669.545895	167.119572
891.000000	35.681975	692.495325	170.194223
891.500000	44.996688	441.269902	173.148606
892.000000	53.832206	475.691796	175.958684
892.500000	62.113507	197.393080	178.601866
893.000000	69.771016	1290.987165	181.057201
893.500000	76.741198	1232.683913	183.305555
894.000000	82.967096	1401.758446	185.329776
894.500000	88.398813	1564.737509	187.114839
895.000000	92.993921	686.651714	188.647966
895.500000	96.717801	474.693935	189.918734
896.000000	99.543918	-75.589262	190.919150
896.500000	101.454012	1394.781011	191.643716
897.000000	102.438219	286.787468	192.089463
897.500000	102.495113	197.119503	192.255959
898.000000	101.631666	1662.348811	192.145306
898.500000	99.863143	678.161038	191.762099
899.000000	97.212912	3184.950980	191.113376
899.500000	93.712180	24.057523	190.208534
900.000000	89.399666	463.147277	189.059234
900.500000	84.321202	1870.487122	187.679277
901.000000	78.529268	-3333.067404	186.084466
901.500000	72.082473	-721.549138	184.292451
902.000000	65.044979	951.639172	182.322554
902.500000	57.485877	2696.351099	180.195581
903.000000	49.478524	1491.107237	177.933622
903.500000	41.099837	-1043.719175	175.559841
904.000000	32.429562	-578.588234	173.098251
904.500000	23.549524	921.143415	170.573493
905.000000	14.542853	-217.749277	168.010601
905.500000	5.493206	1429.017869	165.434768
906.000000	-3.516006	953.655156	162.871110
906.500000	-12.402396	-739.425755	160.344440
907.000000	-21.085357	934.762483	157.879029
907.500000	-29.486798	-2433.971762	155.498396
908.000000	-37.531858	188.704447	153.225082
908.500000	-45.149576	-346.508826	151.080457
909.000000	-52.273534	-2665.618408	149.084523
909.500000	-58.842440	1546.845491	147.255736
910.000000	-64.800670	287.401217	145.610847
910.500000	-70.098747	45.935699	144.164756
911.000000	-74.693764	1141.030594	142.930383
911.500000	-78.549736	807.946054	141.918565
912.000000	-81.637894	-1079.006569	141.137965
912.500000	-83.936902	-889.553122	140.595009
913.000000	-85.433000	-68.080304	140.293840
913.500000	-86.120084	1332.975108	140.236296
914.000000	-85.999706	-1401.760938	140.421910
914.500000	-85.080997	-442.437614	140.847932
915.000000	-83.380530	540.643903	141.509372
915.500000	-80.922105	-925.926787	142.399062
916.000000	-77.736463	-1080.484289	143.507745
916.500000	-73.860946	293.554823	144.824176
917.000000	-69.339089	-1110.451135	146.335245
917.500000	-64.220152	2694.386600	148.026118
918.000000	-58.558610	-1423.289297	149.880390
918.500000	-52.413589	2528.708898	151.880256
919.000000	-45.848261	-1210.880830	154.006692
919.500000	-38.929210	1163.984200	156.239649
920.000000	-31.725758	1747.514737	158.558249
920.500000	-24.309286	-826.165329	160.940998
921.000000	-16.752523	-2027.982951	163.365994
921.500000	-9.128835	-1311.913584	165.811144
922.000000	-1.511515	1705.918832	168.254376
922.500000	6.026926	-1737.868807	170.673854
923.000000	13.415455	-1018.667605	173.048189
923.500000	20.585189	-2127.817139	175.356635
924.000000	27.470046	-889.350102	177.579294
924.500000	34.007363	-1771.412215	179.697296
925.000000	40.138473	-440.167800	181.692973
925.500000	45.809241	1607.534778	183.550023
926.000000	50.970552	1066.332795	185.253656
926.500000	55.578743	929.129639	186.790723
927.000000	59.595979	583.001052	188.149832
927.500000	62.990574	930.473875	189.321438
928.000000	65.737237	910.566633	190.297928
928.500000	67.817269	-329.216556	191.073669
929.000000	69.218674	-1463.944686	191.645050
929.500000	69.936219	-805.469404	192.010494
930.000000	69.971422	1481.633489	192.170459
930.500000	69.332462	-745.302627	192.127407
931.000000	68.034043	2537.305546	191.885767
931.500000	66.097178	1968.192764	191.451865
932.000000	63.548915	392.518658	190.833849
932.500000	60.422013	952.238792	190.041582
933.000000	56.754556	179.209828	189.086533
933.500000	52.589516	-1302.384228	187.981643
934.000000	47.974277	4538.979283	186.741180
934.500000	42.960113	695.566666	185.380586
935.000000	37.601637	-74.679481	183.916306
935.500000	31.956214	-904.208358	182.365616
936.000000	26.083360	-2794.318058	180.746437
936.500000	20.044116	-129.792767	179.077151
937.000000	13.900423	1028.483119	177.376412
937.500000	7.714479	1014.842359	175.662950
938.000000	1.548119	1879.333952	173.955385
938.500000	-4.537816	1908.035387	172.272040
939.000000	-10.484078	-93.047384	170.630755
939.500000	-16.233598	-669.685444	169.048716
940.000000	-21.732037	-135.667488	167.542288
940.500000	-26.928311	-826.426458	166.126854
941.000000	-31.775069	643.973342	164.816672
941.500000	-36.229137	2670.091554	163.624744
942.000000	-40.251904	2250.120796	162.562698
942.500000	-43.809666	-3.685110	161.640682
943.000000	-46.873910	386.212563	160.867284
943.500000	-49.421543	424.083298	160.249457
944.000000	-51.435060	-1489.549634	159.792473
944.500000	-52.902659	1199.638036	159.499886
945.000000	-53.818284	951.909285	159.373520
945.500000	-54.181621	-2567.399592	159.413469
946.000000	-53.998018	-37.005044	159.618122
946.500000	-53.278362	-883.540991	159.984202
947.000000	-52.038889	-1321.955711	160.506819
947.500000	-50.300946	-882.864413	161.179544
948.000000	-48.090695	-63.349043	161.994499
948.500000	-45.438775	51.312880	162.942458
949.000000	-42.379921	-2787.004684	164.012961
949.500000	-38.952539	101.427421	165.194441
950.000000	-35.198253	-2897.774709	166.474365
950.500000	-31.161418	-768.034581	167.839375
951.000000	-26.888613	1668.867139	169.275444
951.500000	-22.428114	904.127783	170.768036
952.000000	-17.829361	-627.979451	172.302261
952.500000	-13.142410	-2243.387324	173.863046
953.000000	-8.417392	-634.197310	175.435295
953.500000	-3.703978	3138.536019	177.004049
954.000000	0.949147	-753.197486	178.554648
954.500000	5.494789	611.994285	180.072879
955.000000	9.887735	-858.494783	181.545128
955.500000	14.085202	1373.222857	182.958511
956.000000	18.047264	-1103.560609	184.301004
956.500000	21.737240	-2108.909082	185.561561
957.000000	25.122033	-627.405586	186.730216
957.500000	28.172442	682.210117	187.798175
958.000000	30.863404	1091.468706	188.757891
958.500000	33.174207	-4022.086038	189.603127
959.000000	35.088643	-984.396149	190.329001
959.500000	36.595104	3961.776001	190.932018
960.000000	37.686634	-2720.926638	191.410083
960.500000	38.360927	-1561.482220	191.762502
961.000000	38.620265	-2268.160787	191.989963
961.500000	38.471416	2882.209953	192.094502
962.000000	37.925476	-1024.155416	192.079462
962.500000	36.997663	-900.961735	191.949426
963.000000	35.707078	-2905.201139	191.710144
963.500000	34.076410	424.421850	191.368451
964.000000	32.131620	257.466579	190.932164
964.500000	29.901581	1331.649316	190.409976
965.000000	27.417694	-3432.621238	189.811346
965.500000	24.713487	277.873632	189.146369
966.000000	21.824183	1055.453838	188.425652
966.500000	18.786269	-1143.107855	187.660182
967.000000	15.637048	-157.929402	186.861194
967.500000	12.414193	1075.997407	186.040032
968.000000	9.155303	1868.354223	185.208019
968.500000	5.897468	-236.259851	184.376323
969.000000	2.676847	-1455.143264	183.555833
969.500000	-0.471738	-1380.669343	182.757037
970.000000	-3.515179	1092.345963	181.989903
970.500000	-6.422441	-2513.844251	181.263778
971.000000	-9.164879	-1769.452652	180.587288
971.500000	-11.716532	251.303142	179.968251
972.000000	-14.054370	-5463.497106	179.413601
972.500000	-16.158507	807.487978	178.929328
973.000000	-18.012369	-3472.603923	178.520423
973.500000	-19.602817	-1529.102660	178.190841
974.000000	-20.920231	2288.165895	177.943481
974.500000	-21.958545	-2012.166510	177.780168
975.000000	-22.715236	868.241110	177.701663
975.500000	-23.191272	-2659.559550	177.707674
976.000000	-23.391015	30.813254	177.796887
976.500000	-23.322086	2161.217858	177.967008
977.000000	-22.995189	1763.094374	178.214813
977.500000	-22.423897	-1001.960851	178.536214
978.000000	-21.624411	-554.268174	178.926334
978.500000	-20.615285	-1368.880450	179.379584
979.000000	-19.417128	-2698.310666	179.889759
979.500000	-18.052284	-528.004285	180.450130
980.000000	-16.544494	-1841.924410	181.053547
980.500000	-14.918554	-1887.749242	181.692544
981.000000	-13.199949	731.211436	182.359446
981.500000	-11.414505	-2756.613527	183.046475
982.000000	-9.588029	-1710.353034	183.745861
982.500000	-7.745958	-1369.319915	184.449943
983.000000	-5.913025	-1531.209816	185.151274
983.500000	-4.112936	849.872536	185.842713
984.000000	-2.368072	153.579110	186.517523
984.500000	-0.699204	-575.727929	187.169447
985.000000	0.874750	-1815.676059	187.792788
985.500000	2.336947	-2083.883577	188.382476
986.000000	3.672806	-1569.370876	188.934118
986.500000	4.870161	-748.627009	189.444051
987.000000	5.919370	265.259593	189.909372
987.500000	6.813398	1144.646391	190.327962
988.000000	7.547847	-1846.318179	190.698497
988.500000	8.120959	886.712575	191.020447
989.000000	8.533576	-1417.429241	191.294065
989.500000	8.789058	84.187095	191.520364
990.000000	8.893172	1474.899527	191.701080
990.500000	8.853940	-1542.876083	191.838630
991.000000	8.681465	1910.994413	191.936054
991.500000	8.387715	43.373385	191.996959
992.000000	7.986293	-410.082010	192.025439
992.500000	7.492177	133.206330	192.026005
993.000000	6.921446	75.680238	192.003499
993.500000	6.290993	-1164.305832	191.963009
994.000000	5.618222	-326.613957	191.909776
994.500000	4.920749	-396.718755	191.849103
995.000000	4.216093	3120.240284	191.786268
995.500000	3.521382	-2742.318623	191.726427
996.000000	2.853052	-1750.185779	191.674531
996.500000	2.226578	243.377770	191.635239
997.000000	1.656205	-1252.740441	191.612842
997.500000	1.154709	3000.102202	191.611186
998.000000	0.733183	-1060.292300	191.633611
998.500000	0.400846	-1116.712446	191.682895
999.000000	0.164886	-765.152221	191.761203
999.500000	0.030340	-1013.664971	191.870049
