The rightmost column contains computed values for __C
X	NoNoise	Noisy
0.000000	0.000000	27.033945	-52.128093
0.500000	5.022466	17.632851	-46.940087
1.000000	10.089728	32.331516	-41.706531
1.500000	15.201575	7.803099	-36.427640
2.000000	20.357788	-0.751059	-31.103635
2.500000	25.558140	32.278397	-25.734747
3.000000	30.802398	29.247561	-20.321215
3.500000	36.090318	34.707194	-14.863284
4.000000	41.421650	56.458225	-9.361210
4.500000	46.796136	56.766681	-3.815257
5.000000	52.213507	35.725980	1.774305
5.500000	57.673486	35.908953	7.407193
6.000000	63.175789	72.670392	13.083117
6.500000	68.720121	59.425638	18.801777
7.000000	74.306178	76.802043	24.562866
7.500000	79.933647	80.873672	30.366064
8.000000	85.602204	110.686108	36.211043
8.500000	91.311518	58.319514	42.097464
9.000000	97.061245	103.324028	48.024979
9.500000	102.851033	94.239075	53.993230
10.000000	108.680518	123.368797	60.001847
10.500000	114.549327	103.697864	66.050449
11.000000	120.457075	120.253548	72.138647
11.500000	126.403367	126.795957	78.266039
12.000000	132.387797	128.090195	84.432210
12.500000	138.409948	131.646529	90.636737
13.000000	144.469390	140.267591	96.879184
13.500000	150.565684	133.060752	103.159103
14.000000	156.698377	142.738691	109.476035
14.500000	162.867005	139.375098	115.829507
15.000000	169.071093	161.718697	122.219036
15.500000	175.310152	133.743352	128.644125
16.000000	181.583682	183.602264	135.104265
16.500000	187.891169	179.417525	141.598935
17.000000	194.232088	200.458501	148.127600
17.500000	200.605900	168.513457	154.689711
18.000000	207.012053	162.302743	161.284708
18.500000	213.449982	208.753802	167.912017
19.000000	219.919109	255.384350	174.571048
19.500000	226.418841	236.970222	181.261201
20.000000	232.948574	219.313518	187.981859
20.500000	239.507687	242.202480	194.732393
21.000000	246.095547	236.003911	201.512158
21.500000	252.711506	259.253648	208.320495
22.000000	259.354903	265.204103	215.156732
22.500000	266.025061	281.438513	222.020180
23.000000	272.721288	288.775881	228.910137
23.500000	279.442879	290.561056	235.825885
24.000000	286.189113	310.950064	242.766691
24.500000	292.959254	269.689913	249.731807
25.000000	299.752552	252.538489	256.720470
25.500000	306.568239	338.571399	263.731899
26.000000	313.405534	302.962894	270.765300
26.500000	320.263640	329.378684	277.819862
27.000000	327.141743	313.549881	284.894758
27.500000	334.039015	321.702964	291.989146
28.000000	340.954610	357.615150	299.102166
28.500000	347.887668	350.861049	306.232942
29.000000	354.837311	355.561397	313.380583
29.500000	361.802646	385.537592	320.544181
30.000000	368.782763	387.561111	327.722809
30.500000	375.776735	427.991821	334.915525
31.000000	382.783619	393.708498	342.121372
31.500000	389.802456	385.340189	349.339372
32.000000	396.832268	426.853591	356.568532
32.500000	403.872063	413.304299	363.807844
33.000000	410.920829	424.359992	371.056278
33.500000	417.977540	431.506078	378.312790
34.000000	425.041151	452.108500	385.576318
34.500000	432.110599	427.261711	392.845782
35.000000	439.184806	445.552536	400.120085
35.500000	446.262675	446.705181	407.398112
36.000000	453.343092	491.314807	414.678730
36.500000	460.424927	437.368363	421.960789
37.000000	467.507030	445.155281	429.243121
37.500000	474.588235	513.065311	436.524540
38.000000	481.667359	474.323700	443.803842
38.500000	488.743200	493.300522	451.079807
39.000000	495.814539	454.680284	458.351194
39.500000	502.880141	481.114869	465.616747
40.000000	509.938750	536.620472	472.875189
40.500000	516.989096	525.602904	480.125229
41.000000	524.029889	564.851351	487.365556
41.500000	531.059823	527.831335	494.594840
42.000000	538.077573	512.833610	501.811735
42.500000	545.081798	548.487722	509.014877
43.000000	552.071138	519.691894	516.202884
43.500000	559.044217	545.117264	523.374356
44.000000	565.999640	542.068689	530.527875
44.500000	572.935997	600.442185	537.662006
45.000000	579.851860	590.378802	544.775297
45.500000	586.745781	616.525211	551.866278
46.000000	593.616298	560.261650	558.933461
46.500000	600.461932	577.063159	565.975341
47.000000	607.281187	583.194859	572.990397
47.500000	614.072547	604.480449	579.977090
48.000000	620.834485	616.040021	586.933864
48.500000	627.565452	631.867228	593.859146
49.000000	634.263886	623.651815	600.751347
49.500000	640.928208	615.120109	607.608862
50.000000	647.556822	635.824573	614.430067
50.500000	654.148118	621.515437	621.213325
51.000000	660.700468	631.920284	627.956982
51.500000	667.212230	658.403984	634.659367
52.000000	673.681747	648.457540	641.318795
52.500000	680.107344	703.663864	647.933565
53.000000	686.487336	686.279563	654.501960
53.500000	692.820018	674.579284	661.022249
54.000000	699.103675	704.038439	667.492687
54.500000	705.336575	736.482935	673.911513
55.000000	711.516973	734.233287	680.276953
55.500000	717.643110	757.876045	686.587218
56.000000	723.713215	723.885117	692.840507
56.500000	729.725502	690.552556	699.035005
57.000000	735.678173	735.956067	705.168883
57.500000	741.569419	769.796644	711.240300
58.000000	747.397417	712.588085	717.247404
58.500000	753.160332	778.246636	723.188330
59.000000	758.856320	754.839627	729.061201
59.500000	764.483523	759.051752	734.864129
60.000000	770.040074	749.020022	740.595215
60.500000	775.524097	739.586633	746.252551
61.000000	780.933703	784.009007	751.834217
61.500000	786.266997	769.015614	757.338285
62.000000	791.522072	788.182932	762.762817
62.500000	796.697014	835.203778	768.105867
63.000000	801.789901	774.511780	773.365479
63.500000	806.798803	803.820112	778.539692
64.000000	811.721784	844.834007	783.626536
64.500000	816.556898	781.775455	788.624035
65.000000	821.302198	829.106010	793.530205
65.500000	825.955726	799.152482	798.343060
66.000000	830.515524	778.654661	803.060604
66.500000	834.979626	844.420764	807.680841
67.000000	839.346064	857.717824	812.201769
67.500000	843.612865	852.311662	816.621382
68.000000	847.778054	813.198266	820.937672
68.500000	851.839655	846.321688	825.148629
69.000000	855.795689	928.025467	829.252241
69.500000	859.644177	867.667734	833.246495
70.000000	863.383139	848.971114	837.129379
70.500000	867.010597	850.252359	840.898880
71.000000	870.524572	847.111927	844.552988
71.500000	873.923087	867.186712	848.089691
72.000000	877.204171	913.496406	851.506984
72.500000	880.365851	847.209645	854.802863
73.000000	883.406162	876.333348	857.975329
73.500000	886.323142	862.227808	861.022386
74.000000	889.114834	870.193113	863.942046
74.500000	891.779290	915.079289	866.732326
75.000000	894.314565	826.264235	869.391250
75.500000	896.718725	904.378302	871.916850
76.000000	898.989844	919.475562	874.307169
76.500000	901.126005	895.013480	876.560256
77.000000	903.125301	919.236272	878.674173
77.500000	904.985837	903.350683	880.646994
78.000000	906.705730	870.096901	882.476802
78.500000	908.283110	956.210944	884.161697
79.000000	909.716120	873.344691	885.699790
79.500000	911.002919	884.054215	887.089210
80.000000	912.141680	950.526074	888.328099
80.500000	913.130595	906.027931	889.414618
81.000000	913.967872	929.036806	890.346945
81.500000	914.651738	940.917862	891.123276
82.000000	915.180438	965.218754	891.741829
82.500000	915.552240	925.717503	892.200841
83.000000	915.765432	892.206798	892.498571
83.500000	915.818324	904.173202	892.633303
84.000000	915.709252	881.870229	892.603341
84.500000	915.436573	912.895505	892.407017
85.000000	914.998672	892.134258	892.042689
85.500000	914.393960	895.628020	891.508740
86.000000	913.620875	888.756083	890.803582
86.500000	912.677886	914.742928	889.925658
87.000000	911.563487	889.644411	888.873438
87.500000	910.276209	928.256601	887.645427
88.000000	908.814610	923.553054	886.240159
88.500000	907.177284	865.647448	884.656204
89.000000	905.362858	964.997311	882.892166
89.500000	903.369994	889.918007	880.946685
90.000000	901.197392	911.829521	878.818438
90.500000	898.843787	915.690802	876.506140
91.000000	896.307955	951.335512	874.008546
91.500000	893.588711	860.267572	871.324451
92.000000	890.684911	899.425668	868.452692
92.500000	887.595453	892.767519	865.392147
93.000000	884.319278	874.071959	862.141741
93.500000	880.855373	868.245863	858.700441
94.000000	877.202767	847.161618	855.067264
94.500000	873.360540	867.585513	851.241272
95.000000	869.327818	915.744710	847.221576
95.500000	865.103775	940.166116	843.007338
96.000000	860.687638	834.183018	838.597769
96.500000	856.078682	820.528138	833.992134
97.000000	851.276238	801.149702	829.189753
97.500000	846.279689	865.959093	824.189996
98.000000	841.088472	873.445417	818.992294
98.500000	835.702083	808.494087	813.596131
99.000000	830.120072	822.932282	808.001052
99.500000	824.342049	800.144801	802.206661
100.000000	818.367684	770.699094	796.212620
100.500000	812.196707	818.462216	790.018655
101.000000	805.828911	809.604815	783.624556
101.500000	799.264149	783.285384	777.030175
102.000000	792.502341	805.995678	770.235428
102.500000	785.543472	791.965165	763.240302
103.000000	778.387593	782.774136	756.044846
103.500000	771.034821	754.551384	748.649182
104.000000	763.485343	763.211528	741.053499
104.500000	755.739415	785.161615	733.258058
105.000000	747.797366	732.450467	725.263192
105.500000	739.659592	762.054758	717.069305
106.000000	731.326567	713.003922	708.676877
106.500000	722.798835	712.939545	700.086464
107.000000	714.077016	702.092021	691.298695
107.500000	705.161807	800.432823	682.314279
108.000000	696.053981	734.572528	673.134001
108.500000	686.754388	716.834689	663.758726
109.000000	677.263956	727.175340	654.189399
109.500000	667.583697	660.417908	644.427046
110.000000	657.714698	746.220677	634.472775
110.500000	647.658130	641.974242	624.327776
111.000000	637.415246	595.885596	613.993324
111.500000	626.987384	588.046282	603.470777
112.000000	616.375962	636.693756	592.761579
112.500000	605.582485	636.029156	581.867259
113.000000	594.608544	599.667581	570.789436
113.500000	583.455814	581.830811	559.529813
114.000000	572.126059	601.193052	548.090183
114.500000	560.621129	583.337733	536.472428
115.000000	548.942962	514.482166	524.678519
115.500000	537.093587	537.631793	512.710517
116.000000	525.075119	602.025736	500.570575
116.500000	512.889766	477.621731	488.260936
117.000000	500.539823	536.150274	475.783936
117.500000	488.027679	455.931799	463.142002
118.000000	475.355812	472.291695	450.337655
118.500000	462.526792	453.886752	437.373509
119.000000	449.543282	452.889832	424.252271
119.500000	436.408036	437.543347	410.976741
120.000000	423.123901	440.037703	397.549815
120.500000	409.693817	416.072025	383.974481
121.000000	396.120817	358.405791	370.253824
121.500000	382.408026	392.214965	356.391021
122.000000	368.558662	372.251547	342.389346
122.500000	354.576038	334.204010	328.252166
123.000000	340.463559	306.619753	313.982944
123.500000	326.224722	381.863636	299.585236
124.000000	311.863119	363.420406	285.062694
124.500000	297.382434	288.925836	270.419064
125.000000	282.786444	258.289414	255.658187
125.500000	268.079016	295.578288	240.783995
126.000000	253.264112	257.325639	225.800518
126.500000	238.345784	279.358908	210.711874
127.000000	223.328177	177.352041	195.522279
127.500000	208.215523	216.138321	180.236037
128.000000	193.012149	231.781782	164.857546
128.500000	177.722469	169.327803	149.391296
129.000000	162.350985	172.072837	133.841863
129.500000	146.902289	117.468616	118.213919
130.000000	131.381059	154.177707	102.512219
130.500000	115.792062	134.473055	86.741611
131.000000	100.140148	85.263354	70.907025
131.500000	84.430253	59.096361	55.013483
132.000000	68.667396	67.729395	39.066086
132.500000	52.856680	-2.754805	23.070024
133.000000	37.003288	-16.984365	7.030567
133.500000	21.112482	-27.731302	-9.046933
134.000000	5.189607	23.432987	-25.157044
134.500000	-10.759919	-8.828114	-41.294253
135.000000	-26.730598	23.131236	-57.452973
135.500000	-42.716862	-90.171602	-73.627539
136.000000	-58.713065	-31.732284	-89.812212
136.500000	-74.713493	-81.572959	-106.001181
137.000000	-90.712362	-25.793850	-122.188564
137.500000	-106.703818	-90.648536	-138.368411
138.000000	-122.681944	-79.281111	-154.534702
138.500000	-138.640756	-154.700922	-170.681355
139.000000	-154.574211	-99.450786	-186.802222
139.500000	-170.476202	-169.124894	-202.891097
140.000000	-186.340569	-204.346239	-218.941713
140.500000	-202.161092	-187.504586	-234.947748
141.000000	-217.931500	-265.764783	-250.902822
141.500000	-233.645470	-126.772179	-266.800509
142.000000	-249.296630	-259.201722	-282.634328
142.500000	-264.878564	-319.416093	-298.397754
143.000000	-280.384810	-370.865077	-314.084218
143.500000	-295.808866	-309.682848	-329.687107
144.000000	-311.144192	-253.670488	-345.199773
144.500000	-326.384213	-351.966129	-360.615527
145.000000	-341.522320	-383.998305	-375.927652
145.500000	-356.551876	-320.014460	-391.129396
146.000000	-371.466215	-353.817138	-406.213984
146.500000	-386.258651	-297.620749	-421.174616
147.000000	-400.922475	-461.259869	-436.004468
147.500000	-415.450960	-391.445295	-450.696703
148.000000	-429.837367	-427.059700	-465.244467
148.500000	-444.074946	-342.936947	-479.640896
149.000000	-458.156939	-548.385816	-493.879119
149.500000	-472.076585	-491.250546	-507.952260
150.000000	-485.827121	-402.698002	-521.853443
150.500000	-499.401790	-462.352541	-535.575797
151.000000	-512.793839	-545.715973	-549.112455
151.500000	-525.996528	-503.052215	-562.456565
152.000000	-539.003131	-510.512346	-575.601285
152.500000	-551.806940	-641.334194	-588.539795
153.000000	-564.401268	-578.951604	-601.265297
153.500000	-576.779456	-573.917563	-613.771018
154.000000	-588.934874	-599.926319	-626.050217
154.500000	-600.860926	-574.959646	-638.096187
155.000000	-612.551054	-521.432031	-649.902259
155.500000	-623.998744	-543.001744	-661.461811
156.000000	-635.197527	-604.401281	-672.768263
156.500000	-646.140986	-616.893563	-683.815090
157.000000	-656.822756	-643.136166	-694.595821
157.500000	-667.236536	-681.022027	-705.104049
158.000000	-677.376085	-661.048454	-715.333426
158.500000	-687.235232	-572.168397	-725.277679
159.000000	-696.807878	-762.085193	-734.930605
159.500000	-706.087999	-698.653902	-744.286080
160.000000	-715.069657	-749.769791	-753.338064
160.500000	-723.746995	-730.132810	-762.080604
161.000000	-732.114251	-782.970025	-770.507838
161.500000	-740.165753	-738.345306	-778.614001
162.000000	-747.895934	-778.036905	-786.393430
162.500000	-755.299327	-735.373130	-793.840567
163.000000	-762.370575	-784.928292	-800.949966
163.500000	-769.104436	-812.131968	-807.716295
164.000000	-775.495784	-759.537312	-814.134342
164.500000	-781.539615	-791.590613	-820.199019
165.000000	-787.231056	-766.023607	-825.905371
165.500000	-792.565361	-789.764623	-831.248571
166.000000	-797.537923	-860.735940	-836.223937
166.500000	-802.144277	-890.893520	-840.826926
167.000000	-806.380101	-709.689171	-845.053144
167.500000	-810.241225	-818.388603	-848.898352
168.000000	-813.723632	-893.161662	-852.358464
168.500000	-816.823467	-748.369061	-855.429560
169.000000	-819.537035	-739.460217	-858.107884
169.500000	-821.860812	-866.862281	-860.389851
170.000000	-823.791445	-796.673338	-862.272053
170.500000	-825.325759	-833.191306	-863.751261
171.000000	-826.460759	-864.561334	-864.824430
171.500000	-827.193636	-842.810639	-865.488703
172.000000	-827.521772	-763.308705	-865.741418
172.500000	-827.442741	-828.215334	-865.580108
173.000000	-826.954316	-916.082742	-865.002508
173.500000	-826.054472	-861.035507	-864.006561
174.000000	-824.741390	-804.056670	-862.590415
174.500000	-823.013460	-798.142565	-860.752434
175.000000	-820.869287	-861.382158	-858.491200
175.500000	-818.307694	-816.430844	-855.805515
176.000000	-815.327724	-734.874613	-852.694406
176.500000	-811.928644	-842.747150	-849.157130
177.000000	-808.109952	-755.243177	-845.193172
177.500000	-803.871374	-844.467482	-840.802258
178.000000	-799.212874	-772.577739	-835.984349
178.500000	-794.134652	-799.219014	-830.739649
179.000000	-788.637150	-815.240968	-825.068607
179.500000	-782.721054	-707.921899	-818.971920
180.000000	-776.387296	-687.842409	-812.450537
180.500000	-769.637058	-720.147979	-805.505659
181.000000	-762.471774	-712.709534	-798.138745
181.500000	-754.893132	-655.082525	-790.351511
182.000000	-746.903078	-818.098985	-782.145936
182.500000	-738.503814	-775.758591	-773.524259
183.000000	-729.697806	-646.552162	-764.488987
183.500000	-720.487781	-802.394485	-755.042893
184.000000	-710.876731	-785.765192	-745.189020
184.500000	-700.867912	-742.966342	-734.930678
185.000000	-690.464849	-650.573035	-724.271453
185.500000	-679.671335	-607.702119	-713.215199
186.000000	-668.491431	-719.029410	-701.766049
186.500000	-656.929470	-699.147942	-689.928406
187.000000	-644.990054	-602.235598	-677.706952
187.500000	-632.678058	-554.770082	-665.106642
188.000000	-619.998627	-587.407447	-652.132708
188.500000	-606.957178	-571.630043	-638.790659
189.000000	-593.559399	-607.803272	-625.086278
189.500000	-579.811250	-633.652388	-611.025626
190.000000	-565.718960	-586.133753	-596.615038
190.500000	-551.289030	-644.661565	-581.861122
191.000000	-536.528228	-555.753682	-566.770762
191.500000	-521.443590	-490.130672	-551.351111
192.000000	-506.042418	-518.384974	-535.609596
192.500000	-490.332281	-519.100112	-519.553911
193.000000	-474.321008	-498.709458	-503.192018
193.500000	-458.016689	-394.177751	-486.532144
194.000000	-441.427674	-483.397737	-469.582779
194.500000	-424.562568	-428.457044	-452.352673
195.000000	-407.430231	-355.492087	-434.850834
195.500000	-390.039770	-411.156810	-417.086525
196.000000	-372.400542	-382.724659	-399.069258
196.500000	-354.522147	-399.398902	-380.808796
197.000000	-336.414423	-348.017644	-362.315143
197.500000	-318.087447	-303.970492	-343.598545
198.000000	-299.551526	-267.300906	-324.669483
198.500000	-280.817195	-322.582140	-305.538669
199.000000	-261.895211	-228.921005	-286.217041
199.500000	-242.796549	-210.258436	-266.715760
200.000000	-223.532399	-199.105988	-247.046203
200.500000	-204.114155	-190.541235	-227.219957
201.000000	-184.553414	-171.384712	-207.248815
201.500000	-164.861971	-264.133163	-187.144769
202.000000	-145.051807	-123.771792	-166.920002
202.500000	-125.135090	-103.161844	-146.586887
203.000000	-105.124161	-115.632203	-126.157974
203.500000	-85.031534	-113.500474	-105.645987
204.000000	-64.869885	-168.714072	-85.063815
204.500000	-44.652044	-56.588313	-64.424505
205.000000	-24.390991	-20.786224	-43.741255
205.500000	-4.099846	23.041410	-23.027406
206.000000	16.208140	16.287586	-2.296433
206.500000	36.519592	45.129195	18.438064
207.000000	56.821017	13.093027	39.162367
207.500000	77.098819	126.000339	59.862648
208.000000	97.339301	110.022535	80.524980
208.500000	117.528679	37.184245	101.135348
209.000000	137.653089	91.490880	121.679654
209.500000	157.698596	191.653788	142.143728
210.000000	177.651207	234.829443	162.513340
210.500000	197.496876	238.919090	182.774210
211.000000	217.221520	191.021632	202.912016
211.500000	236.811022	215.638666	222.912404
212.000000	256.251249	226.594650	242.761003
212.500000	275.528057	211.051219	262.443432
213.000000	294.627306	316.823606	281.945310
213.500000	313.534867	346.106616	301.252271
214.000000	332.236636	401.409643	320.349975
214.500000	350.718545	404.950460	339.224115
215.000000	368.966570	377.396977	357.860433
215.500000	386.966749	394.781222	376.244729
216.000000	404.705186	405.953384	394.362875
216.500000	422.168069	496.053368	412.200827
217.000000	439.341678	516.714979	429.744633
217.500000	456.212401	440.962745	446.980451
218.000000	472.766740	529.193268	463.894556
218.500000	488.991329	447.663781	480.473357
219.000000	504.872942	502.771503	496.703406
219.500000	520.398507	557.449697	512.571410
220.000000	535.555120	421.947518	528.064248
220.500000	550.330054	532.486208	543.168978
221.000000	564.710772	561.947787	557.872853
221.500000	578.684941	601.409548	572.163332
222.000000	592.240444	595.695960	586.028093
222.500000	605.365392	618.389554	599.455046
223.000000	618.048133	585.913917	612.432346
223.500000	630.277271	595.725228	624.948403
224.000000	642.041674	677.678824	636.991896
224.500000	653.330484	582.468090	648.551787
225.000000	664.133134	636.010965	659.617330
225.500000	674.439358	753.850785	670.178085
226.000000	684.239201	689.870910	680.223932
226.500000	693.523035	783.760585	689.745078
227.000000	702.281567	698.623214	698.732074
227.500000	710.505850	712.907399	707.175823
228.000000	718.187298	710.412937	715.067595
228.500000	725.317697	708.056722	722.399036
229.000000	731.889210	762.327407	729.162178
229.500000	737.894395	711.364624	735.349455
230.000000	743.326214	723.567613	740.953708
230.500000	748.178041	826.264739	745.968200
231.000000	752.443672	748.326961	750.386623
231.500000	756.117339	729.537853	754.203112
232.000000	759.193716	852.530887	757.412252
232.500000	761.667931	797.777597	760.009087
233.000000	763.535573	611.000436	761.989132
233.500000	764.792700	817.159170	763.348381
234.000000	765.435853	810.947960	764.083314
234.500000	765.462057	732.638873	764.190907
235.000000	764.868833	825.836644	763.668640
235.500000	763.654207	796.823784	762.514504
236.000000	761.816712	756.130445	760.727009
236.500000	759.355400	708.583782	758.305190
237.000000	756.269845	710.306914	755.248614
237.500000	752.560151	639.417003	751.557387
238.000000	748.226954	737.878932	747.232156
238.500000	743.271434	760.266830	742.274119
239.000000	737.695311	743.553338	736.685027
239.500000	731.500857	642.842544	730.467190
240.000000	724.690894	769.651333	723.623478
240.500000	717.268801	708.918642	716.157325
241.000000	709.238515	749.976401	708.072737
241.500000	700.604535	802.951846	699.374285
242.000000	691.371919	696.181745	690.067116
242.500000	681.546293	651.884195	680.156948
243.000000	671.133843	692.901945	669.650074
243.500000	660.141324	752.842131	658.553360
244.000000	648.576052	647.680713	646.874246
244.500000	636.445908	636.564115	634.620747
245.000000	623.759333	642.328848	621.801445
245.500000	610.525330	703.479739	608.425495
246.000000	596.753458	551.418785	594.502616
246.500000	582.453829	547.203946	580.043092
247.000000	567.637106	465.388355	565.057765
247.500000	552.314498	663.004220	549.558031
248.000000	536.497752	469.209151	533.555839
248.500000	520.199154	530.802391	517.063677
249.000000	503.431515	486.085836	500.094575
249.500000	486.208169	572.596051	482.662091
250.000000	468.542965	468.682779	464.780307
250.500000	450.450258	472.104778	446.463819
251.000000	431.944899	396.683561	427.727729
251.500000	413.042229	348.084966	408.587637
252.000000	393.758066	424.007737	389.059626
252.500000	374.108697	353.746347	369.160258
253.000000	354.110863	416.593741	348.906556
253.500000	333.781752	377.594301	328.315998
254.000000	313.138983	261.439109	307.406499
254.500000	292.200595	304.225910	286.196402
255.000000	270.985031	241.110614	264.704460
255.500000	249.511128	108.603186	242.949828
256.000000	227.798096	154.567532	220.952040
256.500000	205.865509	178.414075	198.730998
257.000000	183.733284	208.689728	176.306957
257.500000	161.421669	164.942503	153.700504
258.000000	138.951222	82.706662	130.932544
258.500000	116.342794	58.426786	108.024280
259.000000	93.617515	-9.296705	84.997194
259.500000	70.796767	127.036560	61.873034
260.000000	47.902174	136.203201	38.673783
260.500000	24.955575	-33.054233	15.421653
261.000000	1.979011	29.864064	-7.860950
261.500000	-21.005305	34.992846	-31.151434
262.000000	-43.975001	-62.374791	-54.427051
262.500000	-66.907569	-139.874772	-77.664916
263.000000	-89.780393	-150.678463	-100.842030
263.500000	-112.570763	-128.476251	-123.935301
264.000000	-135.255902	-99.063813	-146.921570
264.500000	-157.812991	-150.083234	-169.777631
265.000000	-180.219189	-140.748963	-192.480259
265.500000	-202.451655	-179.724334	-215.006231
266.000000	-224.487579	-158.190868	-237.332350
266.500000	-246.304202	-201.279122	-259.435473
267.000000	-267.878837	-171.710664	-281.292533
267.500000	-289.188901	-262.579352	-302.880567
268.000000	-310.211937	-268.532404	-324.176738
268.500000	-330.925636	-454.721041	-345.158362
269.000000	-351.307867	-313.161440	-365.802935
269.500000	-371.336701	-358.431647	-386.088159
270.000000	-390.990434	-209.553121	-405.991964
270.500000	-410.247616	-343.204110	-425.492540
271.000000	-429.087076	-344.100955	-444.568357
271.500000	-447.487943	-505.804837	-463.198195
272.000000	-465.429680	-523.523244	-481.361170
272.500000	-482.892103	-702.144800	-499.036757
273.000000	-499.855406	-346.657379	-516.204819
273.500000	-516.300191	-464.610814	-532.845630
274.000000	-532.207492	-504.844470	-548.939903
274.500000	-547.558795	-424.397372	-564.468814
275.000000	-562.336069	-570.929233	-579.414028
275.500000	-576.521786	-653.388588	-593.757722
276.000000	-590.098948	-619.245649	-607.482611
276.500000	-603.051111	-657.813072	-620.571975
277.000000	-615.362406	-620.885939	-633.009675
277.500000	-627.017562	-596.407046	-644.780187
278.000000	-638.001933	-748.895941	-655.868616
278.500000	-648.301517	-618.237880	-666.260724
279.000000	-657.902977	-617.539986	-675.942950
279.500000	-666.793664	-626.665549	-684.902431
280.000000	-674.961637	-554.050055	-693.127026
280.500000	-682.395683	-631.725020	-700.605333
281.000000	-689.085338	-883.019462	-707.326711
281.500000	-695.020903	-672.755440	-713.281298
282.000000	-700.193464	-712.616572	-718.460031
282.500000	-704.594910	-680.995538	-722.854661
283.000000	-708.217947	-855.631239	-726.457772
283.500000	-711.056117	-715.624004	-729.262796
284.000000	-713.103811	-696.321024	-731.264031
284.500000	-714.356284	-751.918944	-732.456651
285.000000	-714.809667	-635.457934	-732.836722
285.500000	-714.460982	-725.322476	-732.401217
286.000000	-713.308152	-773.127966	-731.148022
286.500000	-711.350009	-651.442487	-729.075951
287.000000	-708.586309	-558.751113	-726.184755
287.500000	-705.017736	-684.583606	-722.475130
288.000000	-700.645912	-696.272898	-717.948725
288.500000	-695.473400	-720.300860	-712.608147
289.000000	-689.503715	-623.199892	-706.456968
289.500000	-682.741322	-794.931718	-699.499731
290.000000	-675.191644	-700.296820	-691.741949
290.500000	-666.861060	-604.027354	-683.190108
291.000000	-657.756909	-668.190445	-673.851672
291.500000	-647.887487	-556.961935	-663.735075
292.000000	-637.262048	-579.312035	-652.849728
292.500000	-625.890799	-636.849613	-641.206009
293.000000	-613.784894	-640.757844	-628.815262
293.500000	-600.956434	-556.724008	-615.689789
294.000000	-587.418458	-552.653689	-601.842850
294.500000	-573.184931	-517.547866	-587.288646
295.000000	-558.270742	-492.104231	-572.042315
295.500000	-542.691688	-603.307927	-556.119921
296.000000	-526.464465	-364.579075	-539.538441
296.500000	-509.606654	-385.423446	-522.315753
297.000000	-492.136707	-514.518661	-504.470618
297.500000	-474.073932	-597.154198	-486.022671
298.000000	-455.438474	-603.654594	-466.992396
298.500000	-436.251301	-248.665090	-447.401112
299.000000	-416.534180	-356.863232	-427.270955
299.500000	-396.309658	-462.317554	-406.624852
300.000000	-375.601043	-450.087871	-385.486502
300.500000	-354.432375	-204.199338	-363.880351
301.000000	-332.828409	-446.629742	-341.831569
301.500000	-310.814581	-164.002113	-319.366023
302.000000	-288.416989	-238.416823	-296.510249
302.500000	-265.662360	-207.107842	-273.291424
303.000000	-242.578023	-267.036262	-249.737339
303.500000	-219.191879	-145.186270	-225.876364
304.000000	-195.532369	-197.429466	-201.737418
304.500000	-171.628440	-154.628788	-177.349937
305.000000	-147.509517	-40.423443	-152.743840
305.500000	-123.205461	-193.635677	-127.949493
306.000000	-98.746541	-94.474282	-102.997672
306.500000	-74.163392	-296.733489	-77.919531
307.000000	-49.486980	60.593194	-52.746556
307.500000	-24.748567	-34.225941	-27.510535
308.000000	0.020335	177.967965	-2.243513
308.500000	24.787996	31.814203	23.022248
309.000000	49.522514	143.217692	48.254308
309.500000	74.191852	-53.603376	73.420090
310.000000	98.763884	127.725096	98.486927
310.500000	123.206433	59.368103	123.422100
311.000000	147.487315	141.177693	148.192884
311.500000	171.574386	168.355201	172.766592
312.000000	195.435579	217.898872	197.110618
312.500000	219.038954	185.026215	221.192483
313.000000	242.352739	148.811360	244.979881
313.500000	265.345374	287.732048	268.440720
314.000000	287.985561	186.940221	291.543175
314.500000	310.242301	377.813404	314.255724
315.000000	332.084946	405.659137	336.547204
315.500000	353.483239	439.087436	358.386848
316.000000	374.407362	497.322854	379.744336
316.500000	394.827979	319.411314	400.589838
317.000000	414.716282	474.159365	420.894060
317.500000	434.044033	452.640261	440.628288
318.000000	452.783610	463.196874	459.764436
318.500000	470.908048	523.973019	478.275085
319.000000	488.391085	350.902485	496.133530
319.500000	505.207204	419.688182	513.313824
320.000000	521.331671	616.003682	529.790818
320.500000	536.740581	439.440396	545.540202
321.000000	551.410897	514.932809	560.538552
321.500000	565.320485	537.289871	574.763362
322.000000	578.448160	635.515178	588.193089
322.500000	590.773719	593.651312	600.807191
323.000000	602.277979	668.479546	612.586160
323.500000	612.942811	548.208751	623.511563
324.000000	622.751175	637.915294	633.566074
324.500000	631.687156	682.951730	642.733508
325.000000	639.735990	568.571825	650.998854
325.500000	646.884101	760.708180	658.348305
326.000000	653.119124	589.509010	664.769290
326.500000	658.429935	628.148602	670.250497
327.000000	662.806679	705.767394	674.781904
327.500000	666.240789	703.555288	678.354802
328.000000	668.725014	492.342218	680.961816
328.500000	670.253437	708.014521	682.596930
329.000000	670.821494	744.205521	683.255502
329.500000	670.425991	695.077643	682.934285
330.000000	669.065121	790.774815	681.631443
330.500000	666.738477	502.263733	679.346559
331.000000	663.447060	683.076011	676.080655
331.500000	659.193294	695.544884	671.836192
332.000000	653.981028	595.375057	666.617086
332.500000	647.815545	569.782429	660.428707
333.000000	640.703561	649.953801	653.277888
333.500000	632.653232	705.300265	645.172918
334.000000	623.674147	637.256974	636.123549
334.500000	613.777323	469.835711	626.140985
335.000000	602.975209	636.851774	615.237883
335.500000	591.281666	560.884543	603.428338
336.000000	578.711963	597.606345	590.727876
336.500000	565.282766	828.615632	577.153444
337.000000	551.012117	518.783781	562.723388
337.500000	535.919420	840.139235	547.457439
338.000000	520.025424	551.346474	531.376695
338.500000	503.352197	533.592876	514.503594
339.000000	485.923101	554.495825	496.861895
339.500000	467.762771	444.392776	478.476646
340.000000	448.897081	405.674826	459.374156
340.500000	429.353116	538.078269	439.581967
341.000000	409.159134	443.950537	419.128814
341.500000	388.344539	533.115252	398.044595
342.000000	366.939836	496.259714	376.360328
342.500000	344.976593	312.019524	354.108115
343.000000	322.487400	308.754033	331.321093
343.500000	299.505827	300.568721	308.033397
344.000000	276.066371	247.541813	284.280108
344.500000	252.204418	409.132797	260.097205
345.000000	227.956185	263.377536	235.521516
345.500000	203.358672	242.477539	210.590665
346.000000	178.449608	181.262291	185.343015
346.500000	153.267396	290.668203	159.817617
347.000000	127.851056	38.984602	134.054148
347.500000	102.240167	26.809338	108.092852
348.000000	76.474805	229.567130	81.974482
348.500000	50.595486	-95.737309	55.740235
349.000000	24.643098	-19.084129	29.431690
349.500000	-1.341156	-93.160625	3.090741
350.000000	-27.315829	-63.791483	-23.240466
350.500000	-53.239295	172.975858	-49.519602
351.000000	-79.069811	-261.562441	-75.704224
351.500000	-104.765591	-72.912429	-101.751840
352.000000	-130.284870	-100.616299	-127.619983
352.500000	-155.585977	-72.631550	-153.266278
353.000000	-180.627399	-35.028067	-178.648516
353.500000	-205.367858	-99.871464	-203.724721
354.000000	-229.766374	-211.311587	-228.453224
354.500000	-253.782342	-342.395004	-252.792735
355.000000	-277.375596	-257.467418	-276.702413
355.500000	-300.506485	-248.487121	-300.141939
356.000000	-323.135940	-71.332239	-323.071586
356.500000	-345.225545	-198.178982	-345.452290
357.000000	-366.737606	-332.875578	-367.245721
357.500000	-387.635218	-500.243244	-388.414356
358.000000	-407.882336	-421.888940	-408.921540
358.500000	-427.443841	-411.658021	-428.731564
359.000000	-446.285605	-455.773618	-447.809725
359.500000	-464.374560	-532.988011	-466.122397
360.000000	-481.678755	-386.914275	-483.637092
360.500000	-498.167426	-379.967392	-500.322528
361.000000	-513.811052	-511.737299	-516.148686
361.500000	-528.581418	-342.972560	-531.086875
362.000000	-542.451667	-523.421338	-545.109788
362.500000	-555.396365	-484.573153	-558.191560
363.000000	-567.391546	-700.740966	-570.307823
363.500000	-578.414769	-480.885468	-581.435758
364.000000	-588.445164	-633.017893	-591.554144
364.500000	-597.463485	-444.064993	-600.643408
365.000000	-605.452147	-523.763665	-608.685673
365.500000	-612.395276	-498.917783	-615.664794
366.000000	-618.278741	-872.400151	-621.566405
366.500000	-623.090199	-484.149297	-626.377952
367.000000	-626.819122	-633.528499	-630.088731
367.500000	-629.456830	-744.023246	-632.689918
368.000000	-630.996522	-616.611337	-634.174594
368.500000	-631.433298	-772.689449	-634.537778
369.000000	-630.764179	-588.177533	-633.776442
369.500000	-628.988131	-786.276204	-631.889533
370.000000	-626.106073	-536.608940	-628.877986
370.500000	-622.120895	-612.499659	-624.744739
371.000000	-617.037460	-646.705047	-619.494738
371.500000	-610.862614	-702.738087	-613.134944
372.000000	-603.605184	-599.845325	-605.674332
372.500000	-595.275975	-501.451864	-597.123889
373.000000	-585.887765	-590.824869	-587.496609
373.500000	-575.455294	-336.801188	-576.807481
374.000000	-563.995251	-690.706766	-565.073472
374.500000	-551.526256	-414.653817	-552.313519
375.000000	-538.068837	-622.593927	-538.548494
375.500000	-523.645410	-499.699869	-523.801191
376.000000	-508.280245	-607.973614	-508.096288
376.500000	-491.999435	-423.035124	-491.460319
377.000000	-474.830861	-205.813738	-473.921634
377.500000	-456.804153	-410.894685	-455.510361
378.000000	-437.950641	-345.221728	-436.258359
378.500000	-418.303316	-410.325389	-416.199174
379.000000	-397.896774	-280.909098	-395.367984
379.500000	-376.767160	-277.350618	-373.801544
380.000000	-354.952118	-403.894990	-351.538132
380.500000	-332.490722	-457.380036	-328.617479
381.000000	-309.423417	-237.495985	-305.080713
381.500000	-285.791950	-397.145904	-280.970283
382.000000	-261.639299	-367.720008	-256.329890
382.500000	-237.009599	-418.164517	-231.204414
383.000000	-211.948069	-183.094563	-205.639834
383.500000	-186.500929	-293.439375	-179.683150
384.000000	-160.715320	-257.060251	-153.382296
384.500000	-134.639220	-166.720328	-126.786058
385.000000	-108.321358	-72.543965	-99.943986
385.500000	-81.811122	-65.987241	-72.906302
386.000000	-55.158475	-329.163002	-45.723806
386.500000	-28.413853	98.562914	-18.447787
387.000000	-1.628078	-183.032731	8.870078
387.500000	25.147740	40.821983	36.177819
388.000000	51.862302	-8.429207	63.423271
388.500000	78.464217	-116.988127	90.554181
389.000000	104.902103	96.484507	117.518298
389.500000	131.124687	164.490106	144.263486
390.000000	157.080905	44.743959	170.737822
390.500000	182.720003	86.585456	196.889697
391.000000	207.991643	150.492081	222.667926
391.500000	232.846001	277.450412	248.021844
392.000000	257.233870	237.458823	272.901417
392.500000	281.106761	249.202940	297.257337
393.000000	304.417004	488.070091	321.041133
393.500000	327.117847	598.692903	344.205266
394.000000	349.163557	483.521223	366.703232
394.500000	370.509518	420.525885	388.489661
395.000000	391.112322	351.554417	409.520418
395.500000	410.929870	230.079905	429.752694
396.000000	429.921464	447.742984	449.145103
396.500000	448.047891	504.675918	467.657775
397.000000	465.271522	394.399447	485.252445
397.500000	481.556388	363.220742	501.892539
398.000000	496.868271	431.055059	517.543262
398.500000	511.174779	537.799831	532.171676
399.000000	524.445424	461.418523	545.746782
399.500000	536.651701	459.583628	558.239592
400.000000	547.767150	319.703205	569.623203
400.500000	557.767432	501.261085	579.872863
401.000000	566.630384	696.522209	588.966038
401.500000	574.336082	378.946868	596.882468
402.000000	580.866896	623.274561	603.604226
402.500000	586.207539	609.105058	609.115767
403.000000	590.345112	699.169037	613.403976
403.500000	593.269150	601.575275	616.458210
404.000000	594.971652	781.069762	618.270334
404.500000	595.447116	662.706147	618.834754
405.000000	594.692567	525.318511	618.148444
405.500000	592.707575	521.526029	616.210969
406.000000	589.494275	481.559569	613.024496
406.500000	585.057374	444.802937	608.593814
407.000000	579.404159	671.384720	602.926331
407.500000	572.544495	642.141200	596.032081
408.000000	564.490824	368.177176	587.923712
408.500000	555.258146	393.239824	578.616481
409.000000	544.864013	404.994435	568.128231
409.500000	533.328496	587.500151	556.479373
410.000000	520.674163	437.744311	543.692856
410.500000	506.926046	391.376054	529.794133
411.000000	492.111599	532.308191	514.811120
411.500000	476.260654	370.562744	498.774152
412.000000	459.405373	492.637537	481.715931
412.500000	441.580189	153.559754	463.671472
413.000000	422.821746	185.873818	444.678037
413.500000	403.168835	376.644951	424.775067
414.000000	382.662318	280.268404	404.004115
414.500000	361.345055	268.102023	382.408761
415.000000	339.261820	422.623637	360.034534
415.500000	316.459213	210.524378	336.928820
416.000000	292.985573	408.160577	313.140770
416.500000	268.890877	571.316752	288.721205
417.000000	244.226643	67.578355	263.722509
417.500000	219.045825	75.463962	238.198527
418.000000	193.402700	-106.298232	212.204453
418.500000	167.352763	266.124054	185.796715
419.000000	140.952604	281.754332	159.032856
419.500000	114.259792	-22.878707	131.971416
420.000000	87.332753	-71.749941	104.671803
420.500000	60.230640	165.152466	77.194168
421.000000	33.013211	-3.573101	49.599274
421.500000	5.740694	-47.204264	21.948364
422.000000	-21.526344	154.651899	-5.696974
422.500000	-48.727132	-295.087453	-33.274947
423.000000	-75.800830	-22.270304	-60.723688
423.500000	-102.686666	-194.411341	-87.981405
424.000000	-129.324077	-99.320018	-114.986511
424.500000	-155.652843	-278.669674	-141.677774
425.000000	-181.613229	-200.187156	-167.994453
425.500000	-207.146123	-50.597085	-193.876440
426.000000	-232.193176	-173.240279	-219.264402
426.500000	-256.696936	-153.967670	-244.099922
427.000000	-280.600990	-201.201679	-268.325635
427.500000	-303.850095	-304.481936	-291.885367
428.000000	-326.390313	-369.243082	-314.724274
428.500000	-348.169144	-163.291246	-336.788970
429.000000	-369.135656	-277.732559	-358.027664
429.500000	-389.240608	-477.430578	-378.390288
430.000000	-408.436577	-489.673529	-397.828619
430.500000	-426.678077	-619.242156	-416.296406
431.000000	-443.921678	-572.859309	-433.749486
431.500000	-460.126114	-402.045934	-450.145900
432.000000	-475.252398	-639.010710	-465.446002
432.500000	-489.263919	-343.840932	-479.612566
433.000000	-502.126548	-581.898004	-492.610887
433.500000	-513.808726	-654.142711	-504.408876
434.000000	-524.281557	-525.152825	-514.977149
434.500000	-533.518889	-689.753160	-524.289114
435.000000	-541.497390	-433.452377	-532.321045
435.500000	-548.196619	-625.158194	-539.052159
436.000000	-553.599096	-797.162747	-544.464679
436.500000	-557.690349	-606.519742	-548.543892
437.000000	-560.458974	-593.357929	-551.278200
437.500000	-561.896677	-590.930712	-552.659170
438.000000	-561.998306	-1044.814832	-552.681563
438.500000	-560.761888	-530.884354	-551.343373
439.000000	-558.188644	-557.687525	-548.645840
439.500000	-554.283006	-651.432975	-544.593473
440.000000	-549.052625	-578.776642	-539.194051
440.500000	-542.508369	-113.679666	-532.458625
441.000000	-534.664310	-346.313834	-524.401504
441.500000	-525.537714	-595.773683	-515.040244
442.000000	-515.149009	-441.576240	-504.395619
442.500000	-503.521758	-461.803013	-492.491586
443.000000	-490.682612	-442.181776	-479.355248
443.500000	-476.661267	-499.455043	-465.016798
444.000000	-461.490402	-563.178851	-449.509469
444.500000	-445.205620	-439.193455	-432.869460
445.000000	-427.845368	-549.718643	-415.135869
445.500000	-409.450866	-200.433157	-396.350608
446.000000	-390.066013	-374.451930	-376.558315
446.500000	-369.737293	-485.778984	-355.806258
447.000000	-348.513677	-92.851487	-334.144233
447.500000	-326.446508	-430.041851	-311.624448
448.000000	-303.589392	-241.261530	-288.301410
448.500000	-279.998071	-226.810415	-264.231802
449.000000	-255.730296	-209.135430	-239.474345
449.500000	-230.845690	-161.705627	-214.089671
450.000000	-205.405615	-201.160692	-188.140170
450.500000	-179.473018	-48.615458	-161.689852
451.000000	-153.112284	-204.489548	-134.804187
451.500000	-126.389082	-62.052576	-107.549948
452.000000	-99.370201	-269.443713	-79.995051
452.500000	-72.123392	2.186296	-52.208387
453.000000	-44.717194	26.865937	-24.259649
453.500000	-17.220768	69.235154	3.780837
454.000000	10.296279	48.285096	31.842290
454.500000	37.764068	-186.075342	59.853656
455.000000	65.112627	89.603861	87.743784
455.500000	92.272071	185.440172	115.441613
456.000000	119.172783	214.753450	142.876350
456.500000	145.745589	137.887125	169.977660
457.000000	171.921950	243.188892	196.675847
457.500000	197.634130	209.729851	222.902035
458.000000	222.815387	319.665323	248.588358
458.500000	247.400145	704.931557	273.668136
459.000000	271.324173	499.430935	298.076055
459.500000	294.524759	311.950883	321.748348
460.000000	316.940882	209.771276	344.622964
460.500000	338.513378	176.537875	366.639746
461.000000	359.185111	558.936885	387.740592
461.500000	378.901124	381.353517	407.869622
462.000000	397.608803	324.346645	426.973335
462.500000	415.258025	461.083800	445.000764
463.000000	431.801301	391.420442	461.903620
463.500000	447.193916	651.924960	477.636435
464.000000	461.394064	564.921531	492.156699
464.500000	474.362971	490.529589	505.424983
465.000000	486.065013	512.679677	517.405066
465.500000	496.467828	526.623105	528.064040
466.000000	505.542420	571.411684	537.372419
466.500000	513.263250	583.192306	545.304237
467.000000	519.608325	471.299350	551.837127
467.500000	524.559272	568.690044	556.952408
468.000000	528.101405	669.043426	560.635148
468.500000	530.223787	253.816678	562.874224
469.000000	530.919272	419.891194	563.662371
469.500000	530.184547	689.952581	562.996220
470.000000	528.020159	738.120491	560.876325
470.500000	524.430530	622.982676	557.307186
471.000000	519.423966	279.229562	552.297246
471.500000	513.012654	295.640365	545.858898
472.000000	505.212643	413.803070	538.008462
472.500000	496.043822	497.767924	528.766163
473.000000	485.529886	445.663381	518.156093
473.500000	473.698284	663.759769	506.206163
474.000000	460.580163	129.638999	492.948047
474.500000	446.210301	887.455882	478.417107
475.000000	430.627028	575.790288	462.652319
475.500000	413.872135	114.794560	445.696177
476.000000	395.990776	562.483605	427.594597
476.500000	377.031355	603.439810	408.396799
477.000000	357.045413	278.027315	388.155189
477.500000	336.087492	359.041953	366.925229
478.000000	314.214998	194.478657	344.765294
478.500000	291.488058	24.021453	321.736521
479.000000	267.969358	569.581211	297.902652
479.500000	243.723982	225.001913	273.329868
480.000000	218.819237	9.983258	248.086611
480.500000	193.324478	281.282750	222.243400
481.000000	167.310913	-114.847646	195.872647
481.500000	140.851420	215.489127	169.048455
482.000000	114.020339	221.796633	141.846417
482.500000	86.893271	234.524679	114.343406
483.000000	59.546868	-42.997472	86.617366
483.500000	32.058617	181.606266	58.747089
484.000000	4.506626	274.192618	30.811998
484.500000	-23.030603	280.118072	2.891918
485.000000	-50.474393	279.602772	-24.933149
485.500000	-77.746119	156.557866	-52.583254
486.000000	-104.767437	69.549639	-79.978734
486.500000	-131.460509	-562.022253	-107.040439
487.000000	-157.748233	-197.012444	-133.689969
487.500000	-183.554468	-155.434304	-159.849901
488.000000	-208.804262	-402.957444	-185.444019
488.500000	-233.424071	-344.910072	-210.397542
489.000000	-257.341987	-210.724516	-234.637351
489.500000	-280.487951	-127.843788	-258.092205
490.000000	-302.793964	-457.321230	-280.692962
490.500000	-324.194304	-143.479193	-302.372791
491.000000	-344.625720	-226.563100	-323.067378
491.500000	-364.027637	-85.366643	-342.715126
492.000000	-382.342341	-460.216907	-361.257350
492.500000	-399.515167	-235.253665	-378.638463
493.000000	-415.494671	-582.602341	-394.806156
493.500000	-430.232799	-497.812418	-409.711565
494.000000	-443.685044	-620.514216	-423.309433
494.500000	-455.810595	-364.944690	-435.558261
495.000000	-466.572473	-564.882397	-446.420450
495.500000	-475.937662	-682.337388	-455.862425
496.000000	-483.877225	-368.745526	-463.854763
496.500000	-490.366403	-347.102878	-470.372288
497.000000	-495.384718	-312.121206	-475.394176
497.500000	-498.916043	-739.829454	-478.904030
498.000000	-500.948677	-579.585517	-480.889952
498.500000	-501.475398	-618.550427	-481.344596
499.000000	-500.493504	-476.478362	-480.265216
499.500000	-498.004839	-463.625360	-477.653688
500.000000	-494.015812	-432.462304	-473.516527
500.500000	-488.537394	-561.444479	-467.864891
501.000000	-481.585106	-461.416608	-460.714560
501.500000	-473.178990	-777.400037	-452.085915
502.000000	-463.343568	-274.445340	-442.003891
502.500000	-452.107789	-225.117073	-430.497924
503.000000	-439.504955	-322.980604	-417.601877
503.500000	-425.572639	-49.258736	-403.353958
504.000000	-410.352592	-515.131167	-387.796617
504.500000	-393.890624	-216.204695	-370.976438
505.000000	-376.236486	-636.182946	-352.944011
505.500000	-357.443734	-437.669646	-333.753792
506.000000	-337.569572	-252.910384	-313.463949
506.500000	-316.674697	-459.070319	-292.136202
507.000000	-294.823124	-292.557651	-269.835643
507.500000	-272.081995	-226.912896	-246.630547
508.000000	-248.521390	-179.559409	-222.592172
508.500000	-224.214115	-669.575418	-197.794551
509.000000	-199.235488	-211.712307	-172.314271
509.500000	-173.663113	39.032235	-146.230242
510.000000	-147.576642	-220.080410	-119.623458
510.500000	-121.057538	-272.534297	-92.576756
511.000000	-94.188822	36.246280	-65.174553
511.500000	-67.054818	-68.317295	-37.502594
512.000000	-39.740892	-210.364201	-9.647681
512.500000	-12.333183	45.119843	18.302593
513.000000	15.081665	356.070180	46.260127
513.500000	42.416778	-267.911790	74.136582
514.000000	69.585328	32.739639	101.843669
514.500000	96.500811	343.181685	129.293427
515.000000	123.077324	-211.663657	156.398506
515.500000	149.229846	91.575060	183.072453
516.000000	174.874512	185.975498	209.229989
516.500000	199.928887	474.813372	234.787293
517.000000	224.312241	559.434566	259.662275
517.500000	247.945816	186.495656	283.774849
518.000000	270.753085	60.943927	307.047200
518.500000	292.660015	23.459561	329.404048
519.000000	313.595314	471.536847	350.772900
519.500000	333.490673	747.685047	371.084296
520.000000	352.281005	277.930672	390.272054
520.500000	369.904666	728.007298	408.273491
521.000000	386.303673	339.604082	425.029649
521.500000	401.423911	712.868740	440.485499
522.000000	415.215319	297.697879	454.590138
522.500000	427.632079	408.159697	467.296977
523.000000	438.632779	787.723040	478.563905
523.500000	448.180569	366.828999	488.353452
524.000000	456.243299	378.621407	496.632928
524.500000	462.793650	596.074110	503.374552
525.000000	467.809235	262.379671	508.555561
525.500000	471.272702	529.771033	512.158309
526.000000	473.171805	-52.587152	514.170346
526.500000	473.499469	617.057990	514.584476
527.000000	472.253833	623.310707	513.398809
527.500000	469.438276	670.435754	510.616779
528.000000	465.061430	458.297055	506.247162
528.500000	459.137164	698.029828	500.304065
529.000000	451.684569	101.735822	492.806896
529.500000	442.727904	539.747134	483.780325
530.000000	432.296540	189.719027	473.254218
530.500000	420.424882	-131.127217	461.263558
531.000000	407.152266	277.233030	447.848345
531.500000	392.522853	487.598529	433.053481
532.000000	376.585489	266.089741	416.928639
532.500000	359.393568	176.635211	399.528108
533.000000	341.004855	315.162190	380.910629
533.500000	321.481316	128.180255	361.139212
534.000000	300.888920	-54.963817	340.280933
534.500000	279.297423	23.020372	318.406727
535.000000	256.780152	521.183016	295.591154
535.500000	233.413759	387.386134	271.912159
536.000000	209.277976	-119.022135	247.450814
536.500000	184.455348	-221.681055	222.291055
537.000000	159.030958	196.936330	196.519400
537.500000	133.092148	160.466168	170.224661
538.000000	106.728218	124.263526	143.497642
538.500000	80.030129	125.293187	116.430835
539.000000	53.090189	238.397017	89.118103
539.500000	26.001738	68.636368	61.654360
540.000000	-1.141172	-586.887468	34.135241
540.500000	-28.244104	-49.552708	6.656772
541.000000	-55.212569	370.733428	-20.684964
541.500000	-81.952349	-570.212466	-47.794164
542.000000	-108.369838	-92.546435	-74.575645
542.500000	-134.372366	27.491678	-100.935175
543.000000	-159.868534	6.883909	-126.779817
543.500000	-184.768539	-105.492693	-152.018255
544.000000	-208.984498	77.879096	-176.561126
544.500000	-232.430767	152.812247	-200.321344
545.000000	-255.024252	57.522013	-223.214415
545.500000	-276.684716	-741.524290	-245.158750
546.000000	-297.335072	-388.132626	-266.075964
546.500000	-316.901670	-630.351758	-285.891167
547.000000	-335.314576	-418.903227	-304.533246
547.500000	-352.507831	-667.686948	-321.935132
548.000000	-368.419706	-397.740051	-338.034057
548.500000	-382.992937	-450.916771	-352.771792
549.000000	-396.174948	242.602635	-366.094874
549.500000	-407.918054	-386.965134	-377.954817
550.000000	-418.179657	-567.313889	-388.308304
550.500000	-426.922414	-1055.107286	-397.117364
551.000000	-434.114391	-220.122173	-404.349524
551.500000	-439.729200	-222.655009	-409.977954
552.000000	-443.746115	-638.516928	-413.981576
552.500000	-446.150165	-493.355087	-416.345169
553.000000	-446.932214	-161.879145	-417.059442
553.500000	-446.089010	-462.144847	-416.121088
554.000000	-443.623220	-697.668011	-413.532820
554.500000	-439.543444	-639.371891	-409.303382
555.000000	-433.864200	-722.584787	-403.447536
555.500000	-426.605894	-562.265650	-395.986034
556.000000	-417.794766	-484.457152	-386.945556
556.500000	-407.462815	-800.913072	-376.358639
557.000000	-395.647697	-323.768011	-364.263576
557.500000	-382.392611	-580.973016	-350.704292
558.000000	-367.746154	-666.691330	-335.730202
558.500000	-351.762163	-288.603021	-319.396051
559.000000	-334.499532	-807.954030	-301.761725
559.500000	-316.022009	-276.326782	-282.892044
560.000000	-296.397979	-702.167925	-262.856546
560.500000	-275.700220	-449.418955	-241.729236
561.000000	-254.005652	-258.993362	-219.588326
561.500000	-231.395056	-115.541241	-196.515961
562.000000	-207.952791	259.823488	-172.597919
562.500000	-183.766486	-294.231685	-147.923306
563.000000	-158.926721	-202.441971	-122.584226
563.500000	-133.526697	-432.281036	-96.675452
564.000000	-107.661894	41.472278	-70.294069
564.500000	-81.429713	-93.388721	-43.539122
565.000000	-54.929119	-161.725963	-16.511242
565.500000	-28.260270	-64.590313	10.687728
566.000000	-1.524137	-144.438192	37.955116
566.500000	25.177876	-54.091643	65.187809
567.000000	51.744316	-87.591350	92.282645
567.500000	78.074069	35.714443	119.136807
568.000000	104.066747	-120.442428	145.648218
568.500000	129.623078	573.481927	171.715932
569.000000	154.645288	-2.212776	197.240529
569.500000	179.037482	289.327373	222.124500
570.000000	202.706022	251.472061	246.272627
570.500000	225.559890	494.981644	269.592362
571.000000	247.511056	202.264671	291.994191
571.500000	268.474822	323.431784	313.391990
572.000000	288.370165	586.660447	333.703370
572.500000	307.120060	-123.064722	352.850010
573.000000	324.651796	506.640186	370.757974
573.500000	340.897272	36.154161	387.358015
574.000000	355.793279	217.885705	402.585857
574.500000	369.281759	677.089510	416.382466
575.000000	381.310053	950.840156	428.694296
575.500000	391.831123	76.035412	439.473516
576.000000	400.803756	445.568700	448.678220
576.500000	408.192744	834.160335	456.272605
577.000000	413.969040	861.212691	462.227137
577.500000	418.109899	740.041558	466.518687
578.000000	420.598980	783.336134	469.130639
578.500000	421.426438	292.087866	470.052980
579.000000	420.588978	666.222708	469.282363
579.500000	418.089894	206.280144	466.822137
580.000000	413.939075	305.327361	462.682355
580.500000	408.152986	647.768405	456.879761
581.000000	400.754624	316.789226	449.437739
581.500000	391.773447	951.998357	440.386243
582.000000	381.245275	56.152425	429.761698
582.500000	369.212171	778.323375	417.606872
583.000000	355.722286	386.629428	403.970731
583.500000	340.829690	512.515232	388.908252
584.000000	324.594168	426.176957	372.480229
584.500000	307.081001	620.793008	354.753043
585.000000	288.360719	285.633544	335.798410
585.500000	268.508829	78.086241	315.693111
586.000000	247.605529	684.659818	294.518693
586.500000	225.735394	133.463989	272.361155
587.000000	202.987047	88.376282	249.310614
587.500000	179.452810	86.592600	225.460947
588.000000	155.228343	158.430899	200.909424
588.500000	130.412258	-316.445784	175.756320
589.000000	105.105729	8.844494	150.104511
589.500000	79.412085	75.118441	124.059067
590.000000	53.436392	189.389524	97.726822
590.500000	27.285024	-258.626409	71.215946
591.000000	1.065238	-245.236920	44.635497
591.500000	-25.115276	-189.008032	18.094983
592.000000	-51.148830	-28.644903	-8.296096
592.500000	-76.928188	-398.870903	-34.428697
593.000000	-102.347006	-43.807193	-60.194687
593.500000	-127.300282	-563.388825	-85.487294
594.000000	-151.684792	-608.945664	-110.201555
594.500000	-175.399524	174.713490	-134.234757
595.000000	-198.346107	37.454465	-157.486873
595.500000	-220.429230	2.200619	-179.860985
596.000000	-241.557046	300.501595	-201.263701
596.500000	-261.641571	-114.886315	-221.605553
597.000000	-280.599058	-412.186464	-240.801387
597.500000	-298.350369	-127.332759	-258.770728
598.000000	-314.821313	-611.621355	-275.438138
598.500000	-329.942979	-600.141370	-290.733544
599.000000	-343.652038	-301.849514	-304.592552
599.500000	-355.891029	-134.995749	-316.956732
600.000000	-366.608619	59.661455	-327.773886
600.500000	-375.759836	-829.813715	-336.998285
601.000000	-383.306281	-859.298286	-344.590884
601.500000	-389.216307	-535.057437	-350.519502
602.000000	-393.465178	-21.986338	-354.758987
602.500000	-396.035187	-526.588874	-357.291335
603.000000	-396.915761	-482.652279	-358.105791
603.500000	-396.103516	162.882892	-357.198919
604.000000	-393.602301	143.949819	-354.574629
604.500000	-389.423198	-419.924964	-350.244191
605.000000	-383.584493	-431.511544	-344.226199
605.500000	-376.111623	-521.870654	-336.546518
606.000000	-367.037082	-393.893940	-327.238190
606.500000	-356.400302	-198.342327	-316.341311
607.000000	-344.247502	-378.263420	-303.902879
607.500000	-330.631510	-624.246827	-289.976610
608.000000	-315.611547	-312.657420	-274.622724
608.500000	-299.252992	-903.552473	-257.907700
609.000000	-281.627113	-122.089822	-239.904007
609.500000	-262.810773	319.074935	-220.689803
610.000000	-242.886112	-322.714872	-200.348611
610.500000	-221.940201	-133.868024	-178.968968
611.000000	-200.064676	-3.944488	-156.644054
611.500000	-177.355347	-342.283890	-133.471293
612.000000	-153.911794	-954.163689	-109.551941
612.500000	-129.836933	-513.200866	-84.990648
613.000000	-105.236578	-53.569742	-59.895012
613.500000	-80.218981	293.774615	-34.375105
614.000000	-54.894359	-43.267609	-8.543002
614.500000	-29.374414	-475.900189	17.487713
615.000000	-3.771843	69.882637	43.602447
615.500000	21.800162	-203.274660	69.686098
616.000000	47.228408	-50.862885	95.623571
616.500000	72.400214	-188.208514	121.300284
617.000000	97.203907	193.535930	146.602684
617.500000	121.529325	730.334205	171.418753
618.000000	145.268312	-607.096729	195.638514
618.500000	168.315209	173.636276	219.154529
619.000000	190.567331	282.654220	241.862383
619.500000	211.925440	650.472431	263.661166
620.000000	232.294192	316.969920	284.453929
620.500000	251.582585	345.666173	304.148137
621.000000	269.704376	-15.505922	322.656094
621.500000	286.578480	750.561276	339.895350
622.000000	302.129356	965.951891	355.789091
622.500000	316.287357	-439.393342	370.266498
623.000000	328.989065	-469.928492	383.263084
623.500000	340.177594	-32.002303	394.721004
624.000000	349.802862	862.985876	404.589335
624.500000	357.821843	824.542477	412.824325
625.000000	364.198775	779.660152	419.389608
625.500000	368.905343	231.960728	424.256395
626.000000	371.920830	276.575511	427.403619
626.500000	373.232229	853.592297	428.818053
627.000000	372.834320	206.361919	428.494391
627.500000	370.729720	310.467854	426.435291
628.000000	366.928882	502.471831	422.651385
628.500000	361.450072	433.725002	417.161246
629.000000	354.319305	564.358413	409.991325
629.500000	345.570237	-3.695143	401.175849
630.000000	335.244037	577.355553	390.756677
630.500000	323.389209	200.443057	378.783130
631.000000	310.061385	17.898374	365.311778
631.500000	295.323087	-255.360049	350.406197
632.000000	279.243451	785.382527	334.136685
632.500000	261.897919	-56.920256	316.579958
633.000000	243.367907	-78.346449	297.818799
633.500000	223.740432	-349.892004	277.941694
634.000000	203.107725	459.517741	257.042426
634.500000	181.566806	420.626203	235.219650
635.000000	159.219044	93.290377	212.576441
635.500000	136.169686	83.605416	189.219820
636.000000	112.527375	-240.397617	165.260259
636.500000	88.403644	0.704218	140.811169
637.000000	63.912395	-213.585634	115.988371
637.500000	39.169368	232.688285	90.909554
638.000000	14.291594	518.628745	65.693722
638.500000	-10.603152	28.758325	40.460631
639.000000	-35.396915	8.889615	15.330225
639.500000	-59.972114	-335.257199	-9.577937
640.000000	-84.212108	103.963405	-34.145249
640.500000	-108.001755	35.865742	-58.254627
641.000000	-131.227961	41.628116	-81.791075
641.500000	-153.780229	-809.588770	-104.642235
642.000000	-175.551195	16.967585	-126.698932
642.500000	-196.437147	222.048601	-147.855711
643.000000	-216.338536	287.215635	-168.011343
643.500000	-235.160461	-268.080267	-187.069331
644.000000	-252.813139	-102.386928	-204.938377
644.500000	-269.212347	2.445326	-221.532843
645.000000	-284.279845	-621.922220	-236.773169
645.500000	-297.943766	85.925836	-250.586279
646.000000	-310.138981	-1065.450069	-262.905945
646.500000	-320.807424	-1340.301061	-273.673124
647.000000	-329.898396	-849.902992	-282.836264
647.500000	-337.368827	-709.626757	-290.351569
648.000000	-343.183501	299.656930	-296.183229
648.500000	-347.315244	72.358744	-300.303614
649.000000	-349.745079	191.667603	-302.693426
649.500000	-350.462331	-467.449253	-303.341810
650.000000	-349.464702	-380.459760	-302.246431
650.500000	-346.758299	-283.091214	-299.413497
651.000000	-342.357620	155.082257	-294.857751
651.500000	-336.285502	-280.207339	-288.602415
652.000000	-328.573029	-571.534949	-280.679096
652.500000	-319.259391	-357.882212	-271.127644
653.000000	-308.391710	-878.635025	-259.995975
653.500000	-296.024826	-946.315988	-247.339852
654.000000	-282.221034	-55.035061	-233.222621
654.500000	-267.049799	280.922613	-217.714915
655.000000	-250.587421	-14.189737	-200.894319
655.500000	-232.916667	-596.589579	-182.844995
656.000000	-214.126376	-197.584620	-163.657280
656.500000	-194.311029	-769.920753	-143.427242
657.000000	-173.570281	612.222485	-122.256217
657.500000	-152.008479	-349.168574	-100.250311
658.000000	-129.734147	268.947227	-77.519873
658.500000	-106.859448	993.510226	-54.178957
659.000000	-83.499628	-736.985630	-30.344748
659.500000	-59.772442	-282.538020	-6.136987
660.000000	-35.797565	-80.634958	18.322638
660.500000	-11.695992	228.947868	42.911092
661.000000	12.410573	423.763026	67.504623
661.500000	36.400330	-431.827800	91.979378
662.000000	60.152001	-769.236153	116.212037
662.500000	83.545448	831.229107	140.080438
663.000000	106.462285	23.630766	163.464203
663.500000	128.786486	-193.997646	186.245350
664.000000	150.404979	-488.252616	208.308903
664.500000	171.208232	68.015118	229.543485
665.000000	191.090817	502.038859	249.841892
665.500000	209.951961	507.343456	269.101655
666.000000	227.696070	-32.821835	287.225569
666.500000	244.233228	278.037879	304.122204
667.000000	259.479676	109.925157	319.706390
667.500000	273.358250	413.968665	333.899663
668.000000	285.798790	306.377817	346.630682
668.500000	296.738524	-2.465376	357.835617
669.000000	306.122395	-410.978642	367.458486
669.500000	313.903371	563.600230	375.451461
670.000000	320.042697	371.433420	381.775137
670.500000	324.510114	19.155816	386.398745
671.000000	327.284031	-195.132411	389.300330
671.500000	328.351656	688.263299	390.466884
672.000000	327.709075	362.209071	389.894428
672.500000	325.361291	352.441045	387.588050
673.000000	321.322215	544.001211	383.561893
673.500000	315.614604	418.317472	377.839099
674.000000	308.269964	714.296908	370.451704
674.500000	299.328397	118.831898	361.440485
675.000000	288.838404	196.158114	350.854761
675.500000	276.856647	583.136696	338.752148
676.000000	263.447664	422.113097	325.198271
676.500000	248.683541	613.566240	310.266430
677.000000	232.643547	722.772627	294.037227
677.500000	215.413720	1153.382727	276.598153
678.000000	197.086431	44.034194	258.043133
678.500000	177.759900	874.986926	238.472040
679.000000	157.537682	-387.538563	217.990175
679.500000	136.528129	-59.093850	196.707715
680.000000	114.843819	-275.427634	174.739132
680.500000	92.600961	596.860462	152.202594
681.000000	69.918780	-277.867501	129.219334
681.500000	46.918885	-219.983404	105.913008
682.000000	23.724621	-379.748502	82.409041
682.500000	0.460410	-452.002976	58.833947
683.000000	-22.748918	418.982014	35.314661
683.500000	-45.778796	1093.387284	11.977849
684.000000	-68.505586	-531.537739	-11.050773
684.500000	-90.807257	-1005.582268	-33.647114
685.000000	-112.564041	-183.652242	-55.689391
685.500000	-133.659085	34.484041	-77.058783
686.000000	-153.979091	-788.747582	-97.640083
686.500000	-173.414937	221.099160	-117.322332
687.000000	-191.862272	-61.254628	-135.999420
687.500000	-209.222098	-336.094336	-153.570683
688.000000	-225.401311	-1262.675532	-169.941448
688.500000	-240.313223	-183.943608	-185.023568
689.000000	-253.878044	-1100.151159	-198.735908
689.500000	-266.023328	-1257.158716	-211.004802
690.000000	-276.684382	-439.520863	-221.764468
690.500000	-285.804634	-713.620853	-230.957381
691.000000	-293.335953	-494.746689	-238.534600
691.500000	-299.238930	-253.033746	-244.456051
692.000000	-303.483106	-1296.333878	-248.690761
692.500000	-306.047152	556.854782	-251.217045
693.000000	-306.919004	102.570484	-252.022633
693.500000	-306.095940	863.431463	-251.104758
694.000000	-303.584611	538.118104	-248.470184
694.500000	-299.401016	-822.299326	-244.135179
695.000000	-293.570428	-194.913693	-238.125441
695.500000	-286.127267	-300.591080	-230.475970
696.000000	-277.114920	-381.839950	-221.230883
696.500000	-266.585512	-1185.840633	-210.443185
697.000000	-254.599631	-686.676204	-198.174482
697.500000	-241.225994	-255.004752	-184.494650
698.000000	-226.541082	19.247521	-169.481458
698.500000	-210.628716	-143.506912	-153.220138
699.000000	-193.579599	262.785603	-135.802922
699.500000	-175.490818	31.341018	-117.328531
700.000000	-156.465301	-390.992710	-97.901626
700.500000	-136.611248	-360.137481	-77.632232
701.000000	-116.041531	-29.276711	-56.635119
701.500000	-94.873056	-523.229209	-35.029164
702.000000	-73.226111	-183.391789	-12.936679
702.500000	-51.223688	-194.132806	9.517270
703.000000	-28.990790	740.019423	32.205576
703.500000	-6.653721	154.800860	54.999807
704.000000	15.660626	-144.548995	77.770934
704.500000	37.825497	-465.352227	100.390067
705.000000	59.714994	-433.569561	122.729188
705.500000	81.204799	-421.711090	144.661886
706.000000	102.172887	609.662816	166.064079
706.500000	122.500222	-68.109497	186.814727
707.000000	142.071450	166.213060	206.796534
707.500000	160.775562	-621.502079	225.896620
708.000000	178.506538	994.931226	244.007180
708.500000	195.163964	-43.879667	261.026108
709.000000	210.653615	40.909721	276.857593
709.500000	224.888010	-636.707297	291.412681
710.000000	237.786922	-623.940046	304.609792
710.500000	249.277853	469.952675	316.375208
711.000000	259.296462	777.285148	326.643504
711.500000	267.786946	466.894707	335.357938
712.000000	274.702379	333.179585	342.470793
712.500000	280.004990	84.618039	347.943662
713.000000	283.666396	481.640891	351.747683
713.500000	285.667777	268.318680	353.863721
714.000000	285.999997	511.082048	354.282484
714.500000	284.663669	-172.830939	353.004597
715.000000	281.669160	513.168536	350.040600
715.500000	277.036542	101.920085	345.410905
716.000000	270.795486	473.248761	339.145681
716.500000	262.985095	244.446438	331.284691
717.000000	253.653687	380.684941	321.877065
717.500000	242.858518	493.364223	310.981025
718.000000	230.665454	335.337235	298.663546
718.500000	217.148589	376.492766	284.999969
719.000000	202.389819	-165.695472	270.073571
719.500000	186.478362	59.061894	253.975071
720.000000	169.510236	300.368530	236.802106
720.500000	151.587697	-460.843421	218.658653
721.000000	132.818637	135.978211	199.654421
721.500000	113.315945	-143.974174	179.904200
722.000000	93.196840	-374.832187	159.527185
722.500000	72.582177	536.707138	138.646265
723.000000	51.595726	-463.376619	117.387295
723.500000	30.363434	46.023674	95.878344
724.000000	9.012673	816.760463	74.248928
724.500000	-12.328524	-75.461438	52.629237
725.000000	-33.532230	-679.103302	31.149354
725.500000	-54.471396	49.647511	9.938465
726.000000	-75.020615	733.944342	-10.875908
726.500000	-95.056882	383.017846	-31.168691
727.000000	-114.460338	39.785267	-50.818004
727.500000	-133.114997	-1063.263783	-69.705908
728.000000	-150.909453	90.734009	-87.719121
728.500000	-167.737557	-3.371824	-104.749707
729.000000	-183.499071	-1232.076320	-120.695738
729.500000	-198.100276	-540.602493	-135.461918
730.000000	-211.454551	-113.327198	-148.960166
730.500000	-223.482907	450.771053	-161.110162
731.000000	-234.114473	82.514827	-171.839844
731.500000	-243.286938	342.793276	-181.085850
732.000000	-250.946938	-362.888133	-188.793916
732.500000	-257.050389	-754.897529	-194.919217
733.000000	-261.562764	-465.402549	-199.426644
733.500000	-264.459314	1059.693457	-202.291032
734.000000	-265.725227	-377.060248	-203.497318
734.500000	-265.355726	6.622740	-203.040646
735.000000	-263.356106	576.346834	-200.926399
735.500000	-259.741706	631.060590	-197.170175
736.000000	-254.537826	123.710794	-191.797701
736.500000	-247.779575	-471.693327	-184.844675
737.000000	-239.511659	-781.493263	-176.356557
737.500000	-229.788109	-204.350736	-166.388290
738.000000	-218.671958	-580.669992	-155.003966
738.500000	-206.234847	-1387.049561	-142.276433
739.000000	-192.556587	-393.185145	-128.286849
739.500000	-177.724671	-995.258181	-113.124176
740.000000	-161.833723	7.357510	-96.884635
740.500000	-144.984922	989.689596	-79.671108
741.000000	-127.285362	-325.630702	-61.592494
741.500000	-108.847392	-417.565125	-42.763032
742.000000	-89.787909	80.831031	-23.301590
742.500000	-70.227630	83.470184	-3.330916
743.000000	-50.290331	-963.418608	17.023127
743.500000	-30.102071	65.952502	37.632357
744.000000	-9.790398	265.624677	58.367080
744.500000	10.516456	441.339835	79.096902
745.000000	30.690387	-941.532147	99.691563
745.500000	50.604227	494.108380	120.021752
746.000000	70.132556	-629.106939	139.959936
746.500000	89.152491	-577.619671	159.381165
747.000000	107.544476	1264.945700	178.163866
747.500000	125.193040	-421.830669	196.190627
748.000000	141.987537	441.975575	213.348935
748.500000	157.822851	-303.137778	229.531905
749.000000	172.600074	-981.098557	244.638963
749.500000	186.227137	-304.550941	258.576489
750.000000	198.619407	-32.170368	271.258425
750.500000	209.700226	769.926005	282.606822
751.000000	219.401415	25.698035	292.552352
751.500000	227.663707	-208.518372	301.034751
752.000000	234.437140	93.723287	308.003214
752.500000	239.681374	-110.508437	313.416722
753.000000	243.365961	189.834694	317.244315
753.500000	245.470542	-268.064659	319.465291
754.000000	245.984983	749.770869	320.069344
754.500000	244.909444	636.314537	319.056639
755.000000	242.254381	205.071790	316.437805
755.500000	238.040481	555.493265	312.233879
756.000000	232.298529	-246.838764	306.476166
756.500000	225.069214	233.126998	299.206038
757.000000	216.402864	154.318466	290.474672
757.500000	206.359119	145.678247	280.342713
758.000000	195.006548	-809.937313	268.879883
758.500000	182.422197	32.150350	256.164526
759.000000	168.691090	890.722953	242.283099
759.500000	153.905671	337.366706	227.329603
760.000000	138.165201	766.229712	211.404970
760.500000	121.575104	-262.042776	194.616401
761.000000	104.246278	-588.511493	177.076660
761.500000	86.294359	365.598879	158.903331
762.000000	67.838965	-256.150979	140.218048
762.500000	49.002902	407.576378	121.145685
763.000000	29.911355	-776.995086	101.813534
763.500000	10.691057	854.410007	82.350464
764.000000	-8.530550	569.211443	62.886063
764.500000	-27.626162	-994.986391	43.549779
765.000000	-46.469457	455.211088	24.470062
765.500000	-64.935938	344.822169	5.773504
766.000000	-82.903765	219.044947	-12.416000
766.500000	-100.254561	-653.032025	-29.978080
767.000000	-116.874209	273.780568	-46.796699
767.500000	-132.653615	-454.038797	-62.760924
768.000000	-147.489435	-788.564974	-77.765670
768.500000	-161.284771	168.499932	-91.712408
769.000000	-173.949822	1420.943561	-104.509823
769.500000	-185.402484	261.608151	-116.074430
770.000000	-195.568906	-88.512917	-126.331133
770.500000	-204.383985	200.404344	-135.213733
771.000000	-211.791805	144.399810	-142.665372
771.500000	-217.746016	-506.061161	-148.638920
772.000000	-222.210144	-316.157216	-153.097287
772.500000	-225.157839	59.255849	-156.013681
773.000000	-226.573051	-1647.509461	-157.371781
773.500000	-226.450140	-1885.420866	-157.165852
774.000000	-224.793911	103.574348	-155.400780
774.500000	-221.619580	787.187354	-152.092037
775.000000	-216.952671	-702.015993	-147.265578
775.500000	-210.828838	2028.526764	-140.957655
776.000000	-203.293619	472.525011	-133.214575
776.500000	-194.402125	-941.400828	-124.092378
777.000000	-184.218661	195.797482	-113.656450
777.500000	-172.816281	-680.565808	-101.981076
778.000000	-160.276286	-586.559850	-89.148927
778.500000	-146.687664	-281.264889	-75.250489
779.000000	-132.146474	750.672926	-60.383440
779.500000	-116.755186	-196.698484	-44.651974
780.000000	-100.621967	-172.108158	-28.166082
780.500000	-83.859939	-980.748232	-11.040789
781.000000	-66.586391	-379.920060	6.604638
781.500000	-48.921968	-164.237297	24.647524
782.000000	-30.989832	631.588545	42.962632
782.500000	-12.914809	-119.493132	61.423034
783.000000	5.177480	1378.688017	79.900992
783.500000	23.161494	539.212872	98.268851
784.000000	40.912642	-48.520246	116.399923
784.500000	58.308157	-680.160467	134.169372
785.000000	75.227950	184.907296	151.455086
785.500000	91.555444	1148.391632	168.138525
786.000000	107.178394	350.103288	184.105555
786.500000	121.989670	-830.334805	199.247239
787.000000	135.888003	1715.243546	213.460605
787.500000	148.778698	573.990068	226.649360
788.000000	160.574292	-1482.787025	238.724571
788.500000	171.195170	-570.812187	249.605280
789.000000	180.570120	459.734762	259.219076
789.500000	188.636831	-1533.170614	267.502600
790.000000	195.342329	276.970647	274.401984
790.500000	200.643349	884.257406	279.873235
791.000000	204.506631	-865.883833	283.882533
791.500000	206.909154	-668.597572	286.406468
792.000000	207.838291	-1587.989313	287.432202
792.500000	207.291895	-584.090683	286.957551
793.000000	205.278304	1358.340146	284.990995
793.500000	201.816282	610.187993	281.551610
794.000000	196.934868	1137.129475	276.668929
794.500000	190.673172	53.269165	270.382717
795.000000	183.080082	54.682452	262.742688
795.500000	174.213911	403.887829	253.808135
796.000000	164.141971	-664.462949	243.647505
796.500000	152.940083	-819.343316	232.337896
797.000000	140.692026	-1136.584828	219.964498
797.500000	127.488931	1363.910952	206.619976
798.000000	113.428617	1339.317799	192.403798
798.500000	98.614880	-474.584965	177.421506
799.000000	83.156741	1911.122128	161.783960
799.500000	67.167652	147.784526	145.606520
800.000000	50.764673	112.125745	129.008220
800.500000	34.067620	52.701791	112.110893
801.000000	17.198194	-1237.466080	95.038291
801.500000	0.279097	-86.622397	77.915180
802.000000	-16.566864	245.118748	60.866436
802.500000	-33.217670	682.132062	44.016135
803.000000	-49.552976	716.868544	27.486648
803.500000	-65.454990	-719.664509	11.397750
804.000000	-80.809332	-1261.475422	-4.134251
804.500000	-95.505864	-77.948156	-18.997363
805.000000	-109.439494	-701.829525	-33.084725
805.500000	-122.510945	-1056.041941	-46.295385
806.000000	-134.627470	575.783424	-58.535036
806.500000	-145.703536	-1731.246690	-69.716704
807.000000	-155.661438	-1026.171020	-79.761375
807.500000	-164.431869	24.852931	-88.598575
808.000000	-171.954419	436.753870	-96.166876
808.500000	-178.178012	-650.794616	-102.414343
809.000000	-183.061276	298.496157	-107.298906
809.500000	-186.572835	-74.216698	-110.788661
810.000000	-188.691532	334.702885	-112.862095
810.500000	-189.406574	-476.774758	-113.508232
811.000000	-188.717601	-906.762002	-112.726706
811.500000	-186.634675	-573.016702	-110.527751
812.000000	-183.178195	-97.106324	-106.932107
812.500000	-178.378731	-571.528780	-101.970860
813.000000	-172.276785	-531.569413	-95.685193
813.500000	-164.922472	-1479.872399	-88.126067
814.000000	-156.375141	-946.083928	-79.353828
814.500000	-146.702910	495.937901	-69.437743
815.000000	-135.982151	-619.540186	-58.455471
815.500000	-124.296903	1948.373133	-46.492465
816.000000	-111.738231	1756.962629	-33.641324
816.500000	-98.403532	831.189104	-20.001086
817.000000	-84.395790	242.977035	-5.676470
817.500000	-69.822799	864.329881	9.222917
818.000000	-54.796331	625.376068	24.583417
818.500000	-39.431299	-346.406424	40.288185
819.000000	-23.844870	621.535026	56.218078
819.500000	-8.155585	-994.744231	72.252559
820.000000	7.517549	-478.312485	88.270618
820.500000	23.055963	-272.808464	104.151688
821.000000	38.342424	-1240.693510	119.776560
821.500000	53.261925	44.120548	135.028293
822.000000	67.702564	682.869944	149.793097
822.500000	81.556386	703.686226	163.961202
823.000000	94.720206	-71.351290	177.427683
823.500000	107.096389	1249.738381	190.093261
824.000000	118.593589	1982.440478	201.865051
824.500000	129.127439	724.122901	212.657267
825.000000	138.621189	-515.759564	222.391865
825.500000	147.006281	654.504600	230.999132
826.000000	154.222864	1016.341722	238.418208
826.500000	160.220238	-341.645081	244.597541
827.000000	164.957234	-369.226186	249.495269
827.500000	168.402512	-663.432394	253.079523
828.000000	170.534788	-3.721346	255.328660
828.500000	171.342980	641.459683	256.231411
829.000000	170.826276	612.905118	255.786952
829.500000	168.994122	1056.007917	254.004888
830.000000	165.866130	-754.977374	250.905161
830.500000	161.471910	806.154846	246.517878
831.000000	155.850815	-1798.836374	240.883057
831.500000	149.051623	-1237.372424	234.050297
832.000000	141.132133	1418.218982	226.078370
832.500000	132.158701	1178.644907	217.034750
833.000000	122.205702	-822.432487	206.995064
833.500000	111.354933	868.146263	196.042487
834.000000	99.694957	1268.487569	184.267075
834.500000	87.320398	-367.692951	171.765044
835.000000	74.331179	499.408612	158.638000
835.500000	60.831731	-682.168222	144.992135
836.000000	46.930162	551.026791	130.937375
836.500000	32.737392	1164.723807	116.586509
837.000000	18.366277	168.859671	102.054295
837.500000	3.930709	221.243555	87.456543
838.000000	-10.455281	1324.686300	72.909202
838.500000	-24.678434	-610.353043	58.527442
839.000000	-38.627154	133.206427	44.424738
839.500000	-52.192391	139.235718	30.711975
840.000000	-65.268503	700.617436	17.496574
840.500000	-77.754090	-482.228909	4.881645
841.000000	-89.552789	-231.766008	-7.034826
841.500000	-100.574033	-394.220885	-18.160750
842.000000	-110.733762	1266.328141	-28.410647
842.500000	-119.955078	548.676619	-37.706326
843.000000	-128.168844	457.573802	-45.977485
843.500000	-135.314218	178.268805	-53.162258
844.000000	-141.339127	25.427949	-59.207695
844.500000	-146.200659	-998.167373	-64.070159
845.000000	-149.865385	455.394217	-67.715662
845.500000	-152.309611	-1084.127129	-70.120107
846.000000	-153.519539	638.872528	-71.269465
846.500000	-153.491356	-1722.895661	-71.159860
847.000000	-152.231242	676.064114	-69.797574
847.500000	-149.755291	-1597.009115	-67.198973
848.000000	-146.089357	-296.351014	-63.390347
848.500000	-141.268821	1310.994324	-58.407673
849.000000	-135.338277	-172.228527	-52.296295
849.500000	-128.351147	1538.181682	-45.110536
850.000000	-120.369223	-439.147747	-36.913228
850.500000	-111.462142	-220.731120	-27.775181
851.000000	-101.706797	1338.684423	-17.774582
851.500000	-91.186687	-490.218270	-6.996339
852.000000	-79.991224	-927.767061	4.468633
852.500000	-68.214979	-1147.402626	16.524170
853.000000	-55.956893	1015.516823	29.069661
853.500000	-43.319461	118.605675	42.000889
854.000000	-30.407871	88.599795	55.210892
854.500000	-17.329138	339.343171	68.590852
855.000000	-4.191220	-384.966139	82.030995
855.500000	8.897880	790.158190	95.421498
856.000000	21.831001	-648.732274	108.653394
856.500000	34.502706	-1905.075535	121.619471
857.000000	46.810147	187.970378	134.215150
857.500000	58.653913	1593.720470	146.339344
858.000000	69.938837	1235.135527	157.895283
858.500000	80.574777	-2383.267215	168.791308
859.000000	90.477346	-1545.949500	178.941611
859.500000	99.568598	341.150383	188.266930
860.000000	107.777652	1293.618058	196.695194
860.500000	115.041267	40.267609	204.162096
861.000000	121.304339	-135.427738	210.611602
861.500000	126.520339	613.182310	215.996401
862.000000	130.651670	1051.097535	220.278263
862.500000	133.669960	-161.564008	223.428335
863.000000	135.556259	121.982774	225.427353
863.500000	136.301176	23.259615	226.265765
864.000000	135.904922	728.169642	225.943785
864.500000	134.377276	828.801708	224.471356
865.000000	131.737468	-533.572091	221.868036
865.500000	128.013991	1264.032391	218.162793
866.000000	123.244321	1544.995237	213.393737
866.500000	117.474575	601.992888	207.607761
867.000000	110.759087	-1920.602961	200.860115
867.500000	103.159921	-943.692581	193.213907
868.000000	94.746317	-571.424986	184.739544
868.500000	85.594078	-197.544220	175.514106
869.000000	75.784901	-392.021946	165.620664
869.500000	65.405660	244.024665	155.147557
870.000000	54.547651	-973.649926	144.187619
870.500000	43.305793	232.168131	132.837367
871.000000	31.777809	-187.010824	121.196169
871.500000	20.063374	-2175.904020	109.365380
872.000000	8.263260	-87.554836	97.447470
872.500000	-3.521530	60.452988	85.545141
873.000000	-15.190634	454.015540	73.760447
873.500000	-26.645187	-314.622016	62.193917
874.000000	-37.788665	-659.123328	50.943701
874.500000	-48.527706	1467.428741	40.104735
875.000000	-58.772901	-596.683448	29.767932
875.500000	-68.439551	-593.466131	20.019418
876.000000	-77.448379	367.859549	10.939806
876.500000	-85.726188	-269.904017	2.603525
877.000000	-93.206478	1006.775440	-4.921805
877.500000	-99.829986	-985.265822	-11.575923
878.000000	-105.545177	-358.590868	-17.306424
878.500000	-110.308653	33.029623	-22.069181
879.000000	-114.085497	-194.895016	-25.828689
879.500000	-116.849543	-2208.148146	-28.558342
880.000000	-118.583566	-1319.387891	-30.240622
880.500000	-119.279390	274.988946	-30.867218
881.000000	-118.937922	875.097951	-30.439050
881.500000	-117.569104	-558.661697	-28.966230
882.000000	-115.191786	-2887.436847	-26.467924
882.500000	-111.833519	-395.102413	-22.972147
883.000000	-107.530276	-1608.106686	-18.515479
883.500000	-102.326097	-1785.032499	-13.142700
884.000000	-96.272663	1730.202477	-6.906362
884.500000	-89.428808	653.445046	0.133709
885.000000	-81.859964	-870.097093	7.910980
885.500000	-73.637557	586.691432	16.352822
886.000000	-64.838342	1306.270092	25.381186
886.500000	-55.543704	1604.219208	34.913319
887.000000	-45.838909	1373.160755	44.862515
887.500000	-35.812336	1307.310439	55.138910
888.000000	-25.554671	200.765812	65.650289
888.500000	-15.158093	-2278.009321	76.302920
889.000000	-4.715448	-73.018686	87.002395
889.500000	5.680587	-899.526324	97.654474
890.000000	15.938325	287.463203	108.165926
890.500000	25.967882	-669.545895	118.445355
891.000000	35.681975	692.495325	128.404007
891.500000	44.996688	441.269902	137.956553
892.000000	53.832206	475.691796	147.021831
892.500000	62.113507	197.393080	155.523559
893.000000	69.771016	1290.987165	163.390988
893.500000	76.741198	1232.683913	170.559514
894.000000	82.967096	1401.758446	176.971221
894.500000	88.398813	1564.737509	182.575370
895.000000	92.993921	686.651714	187.328819
895.500000	96.717801	474.693935	191.196367
896.000000	99.543918	-75.589262	194.151031
896.500000	101.454012	1394.781011	196.174244
897.000000	102.438219	286.787468	197.255976
897.500000	102.495113	197.119503	197.394775
898.000000	101.631666	1662.348811	196.597733
898.500000	99.863143	678.161038	194.880372
899.000000	97.212912	3184.950980	192.266452
899.500000	93.712180	24.057523	188.787706
900.000000	89.399666	463.147277	184.483507
900.500000	84.321202	1870.487122	179.400456
901.000000	78.529268	-3333.067404	173.591919
901.500000	72.082473	-721.549138	167.117491
902.000000	65.044979	951.639172	160.042414
902.500000	57.485877	2696.351099	152.436946
903.000000	49.478524	1491.107237	144.375676
903.500000	41.099837	-1043.719175	135.936817
904.000000	32.429562	-578.588234	127.201461
904.500000	23.549524	921.143415	118.252808
905.000000	14.542853	-217.749277	109.175388
905.500000	5.493206	1429.017869	100.054270
906.000000	-3.516006	953.655156	90.974267
906.500000	-12.402396	-739.425755	82.019154
907.000000	-21.085357	934.762483	73.270897
907.500000	-29.486798	-2433.971762	64.808902
908.000000	-37.531858	188.704447	56.709291
908.500000	-45.149576	-346.508826	49.044218
909.000000	-52.273534	-2665.618408	41.881222
909.500000	-58.842440	1546.845491	35.282626
910.000000	-64.800670	287.401217	29.304992
910.500000	-70.098747	45.935699	23.998629
911.000000	-74.693764	1141.030594	19.407169
911.500000	-78.549736	807.946054	15.567199
912.000000	-81.637894	-1079.006569	12.507976
912.500000	-83.936902	-889.553122	10.251196
913.000000	-85.433000	-68.080304	8.810847
913.500000	-86.120084	1332.975108	8.193138
914.000000	-85.999706	-1401.760938	8.396492
914.500000	-85.080997	-442.437614	9.411623
915.000000	-83.380530	540.643903	11.221677
915.500000	-80.922105	-925.926787	13.802457
916.000000	-77.736463	-1080.484289	17.122701
916.500000	-73.860946	293.554823	21.144440
917.000000	-69.339089	-1110.451135	25.823405
917.500000	-64.220152	2694.386600	31.109506
918.000000	-58.558610	-1423.289297	36.947351
918.500000	-52.413589	2528.708898	43.276818
919.000000	-45.848261	-1210.880830	50.033671
919.500000	-38.929210	1163.984200	57.150205
920.000000	-31.725758	1747.514737	64.555929
920.500000	-24.309286	-826.165329	72.178262
921.000000	-16.752523	-2027.982951	79.943249
921.500000	-9.128835	-1311.913584	87.776288
922.000000	-1.511515	1705.918832	95.602851
922.500000	6.026926	-1737.868807	103.349208
923.000000	13.415455	-1018.667605	110.943126
923.500000	20.585189	-2127.817139	118.314565
924.000000	27.470046	-889.350102	125.396329
924.500000	34.007363	-1771.412215	132.124699
925.000000	40.138473	-440.167800	138.440021
925.500000	45.809241	1607.534778	144.287248
926.000000	50.970552	1066.332795	149.616437
926.500000	55.578743	929.129639	154.383189
927.000000	59.595979	583.001052	158.549034
927.500000	62.990574	930.473875	162.081750
928.000000	65.737237	910.566633	164.955623
928.500000	67.817269	-329.216556	167.151635
929.000000	69.218674	-1463.944686	168.657591
929.500000	69.936219	-805.469404	169.468170
930.000000	69.971422	1481.633489	169.584913
930.500000	69.332462	-745.302627	169.016140
931.000000	68.034043	2537.305546	167.776801
931.500000	66.097178	1968.192764	165.888261
932.000000	63.548915	392.518658	163.378026
932.500000	60.422013	952.238792	160.279408
933.000000	56.754556	179.209828	156.631129
933.500000	52.589516	-1302.384228	152.476887
934.000000	47.974277	4538.979283	147.864863
934.500000	42.960113	695.566666	142.847195
935.000000	37.601637	-74.679481	137.479416
935.500000	31.956214	-904.208358	131.819857
936.000000	26.083360	-2794.318058	125.929037
936.500000	20.044116	-129.792767	119.869024
937.000000	13.900423	1028.483119	113.702803
937.500000	7.714479	1014.842359	107.493620
938.000000	1.548119	1879.333952	101.304350
938.500000	-4.537816	1908.035387	95.196860
939.000000	-10.484078	-93.047384	89.231395
939.500000	-16.233598	-669.685444	83.465986
940.000000	-21.732037	-135.667488	77.955887
940.500000	-26.928311	-826.426458	72.753042
941.000000	-31.775069	643.973342	67.905600
941.500000	-36.229137	2670.091554	63.457462
942.000000	-40.251904	2250.120796	59.447888
942.500000	-43.809666	-3.685110	55.911152
943.000000	-46.873910	386.212563	52.876246
943.500000	-49.421543	424.083298	50.366653
944.000000	-51.435060	-1489.549634	48.400171
944.500000	-52.902659	1199.638036	46.988802
945.000000	-53.818284	951.909285	46.138702
945.500000	-54.181621	-2567.399592	45.850194
946.000000	-53.998018	-37.005044	46.117838
946.500000	-53.278362	-883.540991	46.930562
947.000000	-52.038889	-1321.955711	48.271858
947.500000	-50.300946	-882.864413	50.120021
948.000000	-48.090695	-63.349043	52.448447
948.500000	-45.438775	51.312880	55.225980
949.000000	-42.379921	-2787.004684	58.417301
949.500000	-38.952539	101.427421	61.983357
950.000000	-35.198253	-2897.774709	65.881822
950.500000	-31.161418	-768.034581	70.067596
951.000000	-26.888613	1668.867139	74.493315
951.500000	-22.428114	904.127783	79.109887
952.000000	-17.829361	-627.979451	83.867043
952.500000	-13.142410	-2243.387324	88.713883
953.000000	-8.417392	-634.197310	93.599431
953.500000	-3.703978	3138.536019	98.473179
954.000000	0.949147	-753.197486	103.285622
954.500000	5.494789	611.994285	107.988773
955.000000	9.887735	-858.494783	112.536656
955.500000	14.085202	1373.222857	116.885767
956.000000	18.047264	-1103.560609	120.995508
956.500000	21.737240	-2108.909082	124.828580
957.000000	25.122033	-627.405586	128.351331
957.500000	28.172442	682.210117	131.534064
958.000000	30.863404	1091.468706	134.351296
958.500000	33.174207	-4022.086038	136.781968
959.000000	35.088643	-984.396149	138.809596
959.500000	36.595104	3961.776001	140.422377
960.000000	37.686634	-2720.926638	141.613239
960.500000	38.360927	-1561.482220	142.379837
961.000000	38.620265	-2268.160787	142.724491
961.500000	38.471416	2882.209953	142.654083
962.000000	37.925476	-1024.155416	142.179895
962.500000	36.997663	-900.961735	141.317404
963.000000	35.707078	-2905.201139	140.086029
963.500000	34.076410	424.421850	138.508845
964.000000	32.131620	257.466579	136.612248
964.500000	29.901581	1331.649316	134.425596
965.000000	27.417694	-3432.621238	131.980823
965.500000	24.713487	277.873632	129.312017
966.000000	21.824183	1055.453838	126.454998
966.500000	18.786269	-1143.107855	123.446865
967.000000	15.637048	-157.929402	120.325551
967.500000	12.414193	1075.997407	117.129362
968.000000	9.155303	1868.354223	113.896532
968.500000	5.897468	-236.259851	110.664775
969.000000	2.676847	-1455.143264	107.470858
969.500000	-0.471738	-1380.669343	104.350191
970.000000	-3.515179	1092.345963	101.336438
970.500000	-6.422441	-2513.844251	98.461158
971.000000	-9.164879	-1769.452652	95.753478
971.500000	-11.716532	251.303142	93.239796
972.000000	-14.054370	-5463.497106	90.943531
972.500000	-16.158507	807.487978	88.884902
973.000000	-18.012369	-3472.603923	87.080765
973.500000	-19.602817	-1529.102660	85.544478
974.000000	-20.920231	2288.165895	84.285823
974.500000	-21.958545	-2012.166510	83.310968
975.000000	-22.715236	868.241110	82.622481
975.500000	-23.191272	-2659.559550	82.219375
976.000000	-23.391015	30.813254	82.097216
976.500000	-23.322086	2161.217858	82.248253
977.000000	-22.995189	1763.094374	82.661604
977.500000	-22.423897	-1001.960851	83.323466
978.000000	-21.624411	-554.268174	84.217366
978.500000	-20.615285	-1368.880450	85.324436
979.000000	-19.417128	-2698.310666	86.623721
979.500000	-18.052284	-528.004285	88.092501
980.000000	-16.544494	-1841.924410	89.706633
980.500000	-14.918554	-1887.749242	91.440907
981.000000	-13.199949	731.211436	93.269405
981.500000	-11.414505	-2756.613527	95.165868
982.000000	-9.588029	-1710.353034	97.104055
982.500000	-7.745958	-1369.319915	99.058099
983.000000	-5.913025	-1531.209816	101.002852
983.500000	-4.112936	849.872536	102.914206
984.000000	-2.368072	153.579110	104.769407
984.500000	-0.699204	-575.727929	106.547331
985.000000	0.874750	-1815.676059	108.228742
985.500000	2.336947	-2083.883577	109.796514
986.000000	3.672806	-1569.370876	111.235821
986.500000	4.870161	-748.627009	112.534290
987.000000	5.919370	265.259593	113.682118
987.500000	6.813398	1144.646391	114.672151
988.000000	7.547847	-1846.318179	115.499918
988.500000	8.120959	886.712575	116.163632
989.000000	8.533576	-1417.429241	116.664146
989.500000	8.789058	84.187095	117.004879
990.000000	8.893172	1474.899527	117.191694
990.500000	8.853940	-1542.876083	117.232749
991.000000	8.681465	1910.994413	117.138317
991.500000	8.387715	43.373385	116.920568
992.000000	7.986293	-410.082010	116.593332
992.500000	7.492177	133.206330	116.171842
993.000000	6.921446	75.680238	115.672446
993.500000	6.290993	-1164.305832	115.112322
994.000000	5.618222	-326.613957	114.509168
994.500000	4.920749	-396.718755	113.880896
995.000000	4.216093	3120.240284	113.245320
995.500000	3.521382	-2742.318623	112.619856
996.000000	2.853052	-1750.185779	112.021218
996.500000	2.226578	243.377770	111.465140
997.000000	1.656205	-1252.740441	110.966108
997.500000	1.154709	3000.102202	110.537114
998.000000	0.733183	-1060.292300	110.189436
998.500000	0.400846	-1116.712446	109.932449
999.000000	0.164886	-765.152221	109.773463
999.500000	0.030340	-1013.664971	109.717599
