0	0	-0.6656388229999999906	0.4610011875147091986
0.01000000000000000021	0.009999832999999999639	0.9554328890000000074	0.4569963887998196306
0.02000000000000000042	0.01999866700000000122	0.4981935359999999924	0.4529915900849299515
0.02999999999999999889	0.02999550000000000133	-0.867960908000000031	0.4489867913700403834
0.04000000000000000083	0.03998933400000000138	-0.6800112249999999969	0.4449819926551507043
0.05000000000000000278	0.0499791689999999969	0.2441892250000000097	0.4409771939402610252
0.05999999999999999778	0.05996400600000000025	-0.02313104300000000044	0.4369723952253714017
0.07000000000000000666	0.06994284700000000243	0.123048520999999994	0.4329675965104817781
0.08000000000000000167	0.07991469399999999446	0.3755022299999999924	0.428962797795592099
0.08999999999999999667	0.08987854900000000202	0.818870698000000008	0.4249579990807024754
0.1000000000000000056	0.09983341699999999375	0.4977022540000000106	0.4209532003658128518
0.1100000000000000006	0.1097783009999999948	0.5606628500000000459	0.4169484016509231727
0.1199999999999999956	0.119712207000000001	0.7375924299999999656	0.4129436029360335492
0.1300000000000000044	0.1296341430000000072	-0.1197640229999999972	0.4089388042211439256
0.1400000000000000133	0.1395431149999999954	0.6765964370000000505	0.4049340055062542465
0.1499999999999999944	0.1494381320000000013	0.8101373290000000171	0.4009292067913646229
0.1600000000000000033	0.1593182069999999895	1.014637065999999921	0.3969244080764749993
0.1700000000000000122	0.1691823490000000096	0.7890518509999999708	0.3929196093615853203
0.1799999999999999933	0.1790295729999999974	0.3108150490000000099	0.3889148106466956967
0.1900000000000000022	0.1888588949999999989	-0.04420948799999999818	0.3849100119318060731
0.2000000000000000111	0.1986693310000000046	1.054278974999999896	0.380905213216916394
0.2099999999999999922	0.2084599000000000035	-0.01803583699999999901	0.3769004145020267704
0.2200000000000000011	0.2182296230000000115	0.7563504229999999939	0.3728956157871371468
0.23000000000000001	0.227977523999999987	1.066028165999999944	0.3774808196975296681
0.2399999999999999911	0.2377026260000000002	0.3488720900000000236	0.3854987985964762887
0.25	0.2474039590000000066	0.7704161899999999452	0.3935167774954229092
0.2600000000000000089	0.2570805520000000177	0.08284771100000000443	0.4015347563943695297
0.2700000000000000178	0.2667314370000000157	0.3640986250000000091	0.4095527352933161502
0.2800000000000000266	0.276355648999999981	0.6327718509999999963	0.4175707141922627708
0.28999999999999998	0.2859522250000000043	0.32064743200000001	0.4255886930912093358
0.2999999999999999889	0.2955202069999999792	1.023107141000000109	0.4336066719901559008
0.3099999999999999978	0.3050586359999999941	-0.6803945639999999795	0.4416246508891026323
0.3200000000000000067	0.3145665610000000223	-0.05676673299999999978	0.4496426297880491418
0.3300000000000000155	0.3240430280000000107	0.7489293900000000281	0.4576606086869958734
0.3400000000000000244	0.333487091999999985	0.6105004899999999513	0.4656785875859424939
0.3499999999999999778	0.3428978069999999989	1.340824089000000052	0.4736965664848891144
0.3599999999999999867	0.3522742329999999922	0.633958125000000039	0.4817145453838356794
0.3699999999999999956	0.3616154320000000144	0.9967796530000000432	0.4897325242827822445
0.3800000000000000044	0.3709204689999999749	0.2736949320000000019	0.4977505031817289205
0.3900000000000000133	0.3801884150000000018	0.4308616109999999777	0.5057684820806755965
0.4000000000000000222	0.3894183419999999729	0.3168381849999999944	0.5137864609796222171
0.4099999999999999756	0.398609327999999985	1.087043973999999968	0.5218044398785688376
0.4199999999999999845	0.4077604530000000227	-0.5910785029999999773	0.5298224187775154581
0.4299999999999999933	0.4168708019999999848	-0.2916126250000000142	0.5378403976764620786
0.4400000000000000022	0.4259394650000000171	1.203720644999999978	0.5458583765754085881
0.4500000000000000111	0.434965533999999987	-0.3568304219999999805	0.5538763554743553197
0.46000000000000002	0.4439481069999999807	0.3466850089999999884	0.5618943343733018292
0.4699999999999999734	0.4528862849999999995	0.39843377499999999	0.5699123132722485607
0.4799999999999999822	0.4617791760000000134	0.3516531210000000129	0.5779302921711950702
0.4899999999999999911	0.4706258879999999922	0.2069095469999999992	0.5859482710701418018
0.5	0.4794255390000000117	-0.4482546070000000271	0.5939662499690883113
0.5100000000000000089	0.4881772469999999808	-0.08630414599999999825	0.6019842288680350428
0.5200000000000000178	0.4968801380000000267	-0.4314691139999999869	0.6100022077669815523
0.5300000000000000266	0.5055333410000000249	0.6578715029999999686	0.6180201866659282839
0.5400000000000000355	0.5141359920000000416	-0.1226757809999999976	0.6260381655648747934
0.5500000000000000444	0.5226872289999999754	-0.4282396099999999928	0.6340561444638214139
0.5600000000000000533	0.5311861979999999983	0.8539894770000000523	0.6420741233627681455
0.5699999999999999512	0.539632048999999947	1.134288514000000081	0.650092102261714655
0.57999999999999996	0.548023936999999961	1.296881072999999995	0.6581100811606612755
0.5899999999999999689	0.5563610230000000101	1.066250310000000034	0.666128060059607896
0.5999999999999999778	0.5646424730000000336	0.945086479999999951	0.6741460389585545165
0.6099999999999999867	0.572867459999999995	1.566259738999999929	0.6821640178575012481
0.6199999999999999956	0.5810351609999999667	1.314936893999999912	0.6901819967564477576
0.6300000000000000044	0.5891447579999999906	1.166785911000000064	0.6981999756553943781
0.6400000000000000133	0.5971954409999999935	0.1030570989999999992	0.7062179545543409986
0.6500000000000000222	0.6051864059999999546	0.1844560929999999876	0.7142359334532877302
0.6600000000000000311	0.61311685199999999	0.8499428639999999646	0.7222539123522343507
0.67000000000000004	0.6209859869999999615	0.4582301750000000173	0.7302718912511809712
0.6800000000000000488	0.6287930240000000337	-0.2860534249999999723	0.7382898701501274807
0.6899999999999999467	0.6365371819999999792	-0.2087328190000000139	0.7463078490490742123
0.6999999999999999556	0.6442176870000000388	0.2227747320000000031	0.7543258279480207218
0.7099999999999999645	0.6518337709999999507	1.313635778000000087	0.7623438068469673423
0.7199999999999999734	0.6593846719999999495	1.171567999999999943	0.7703617857459139628
0.7299999999999999822	0.6668696349999999606	-0.05415835399999999883	0.7783797646448605834
0.7399999999999999911	0.6742879120000000448	0.6458506229999999571	0.7863977435438072039
0.75	0.6816387600000000102	0.8505990129999999594	0.7944157224427538244
0.7600000000000000089	0.6889214449999999657	0.6586305209999999688	0.8024337013417004449
0.7700000000000000178	0.6961352389999999613	0.8385005589999999787	0.8104516802406470655
0.7800000000000000266	0.7032794190000000167	1.663382627000000058	0.818469659139593686
0.7900000000000000355	0.71035327199999998	0.945061311000000015	0.8264876380385403065
0.8000000000000000444	0.7173560909999999735	0.9976335179999999969	0.8345056169374870381
0.8100000000000000533	0.7242871739999999781	1.625853833999999942	0.8425235958364336586
0.8199999999999999512	0.7311458299999999966	0.3634122089999999861	0.8505415747353801681
0.82999999999999996	0.7379313709999999471	1.376398851000000034	0.8585595536343267886
0.8399999999999999689	0.7446431199999999917	0.4313588019999999856	0.8665775325332734091
0.8499999999999999778	0.75128040500000004	1.209289081000000099	0.8745955114322200297
0.8599999999999999867	0.7578425629999999691	1.111564999000000054	0.8826134903311666502
0.8699999999999999956	0.7643289370000000416	1.137309729999999908	0.8906314692301132707
0.8800000000000000044	0.7707388790000000434	0.5906971500000000042	0.8986494481290598912
0.8900000000000000133	0.7770717480000000066	1.282988967000000091	0.9066674270280065118
0.9000000000000000222	0.7833269099999999874	0.9656421130000000241	0.9146854059269531323
0.9100000000000000311	0.7895037400000000094	0.2229990209999999917	0.9227033848258997528
0.92000000000000004	0.7956016200000000094	0.7097941250000000535	0.9307213637248463733
0.9300000000000000488	0.8016199410000000025	0.05475242999999999777	0.9387393426237929939
0.9399999999999999467	0.8075580999999999454	0.8552800019999999837	0.9467573215227396144
0.9499999999999999556	0.8134155050000000386	0.7285539349999999859	0.9547753004216862349
0.9599999999999999645	0.8191915680000000366	1.319169728000000097	0.9627932793206328554
0.9699999999999999734	0.8248857130000000204	1.023483871999999906	0.970811258219579476
0.9799999999999999822	0.8304973700000000125	1.422890645999999926	0.9788292371185260965
0.9899999999999999911	0.8360259789999999747	-0.1235742570000000068	0.9842570982714833328
1	0.8414709849999999491	1.003916516999999953	0.9856420775181018445
1.010000000000000009	0.846831844999999972	1.209474087000000031	0.9870270567647202453
1.020000000000000018	0.8521080220000000205	0.6630843570000000131	0.9884120360113386461
1.030000000000000027	0.8572989890000000113	-0.0427699159999999981	0.9897970152579570469
1.040000000000000036	0.8624042269999999677	0.299382923000000023	0.9911819945045754476
1.050000000000000044	0.8674232259999999917	1.788875841000000078	0.9925669737511939594
1.060000000000000053	0.8723554820000000154	0.4259205560000000057	0.9939519529978123602
1.070000000000000062	0.8772005040000000475	1.366793624999999901	0.995336932244430761
1.080000000000000071	0.881957807000000038	0.4732845399999999758	0.9967219114910491617
1.09000000000000008	0.8866269140000000437	1.158223081000000043	0.9981068907376675625
1.100000000000000089	0.891207360000000004	0.9840640950000000275	0.9994918699842860743
1.110000000000000098	0.8956986860000000217	1.889940374999999895	1.000876849230904364
1.120000000000000107	0.9001004419999999451	0.1980258870000000115	1.002261828477522876
1.129999999999999893	0.9044121889999999775	0.2043224170000000062	1.003646807724141166
1.139999999999999902	0.908633495999999985	1.165082501000000104	1.005031786970759677
1.149999999999999911	0.9127639400000000514	1.660239733999999912	1.006416766217378189
1.15999999999999992	0.9168031089999999494	0.453465883000000014	1.007801745463996479
1.169999999999999929	0.9207505980000000312	0.9492895070000000324	1.009186724710614991
1.179999999999999938	0.9246060120000000326	1.614240292999999937	1.01057170395723328
1.189999999999999947	0.9283689670000000449	0.1268247090000000077	1.011956683203851792
1.199999999999999956	0.9320390859999999611	-0.01848270600000000152	1.013341662450470304
1.209999999999999964	0.9356160019999999466	1.104269465000000006	1.014726641697088594
1.219999999999999973	0.9390993560000000517	1.147974145000000057	1.016111620943707106
1.229999999999999982	0.9424888019999999589	1.428451149999999892	1.017496600190325395
1.239999999999999991	0.9457839989999999863	1.504713288999999898	1.018881579436943907
1.25	0.9489846189999999737	0.7331572539999999805	1.020266558683562419
1.260000000000000009	0.9520903419999999784	0.6006913710000000295	1.021651537930180709
1.270000000000000018	0.9551008560000000536	1.717344846000000036	1.023036517176799221
1.280000000000000027	0.9580158600000000524	0.2584009500000000181	1.02442149642341751
1.290000000000000036	0.9608350639999999609	1.902970285999999955	1.025806475670036022
1.300000000000000044	0.9635581850000000115	0.836734991000000039	1.027191454916654312
1.310000000000000053	0.9661849519999999858	0.6852130789999999472	1.028576434163272824
1.320000000000000062	0.9687151000000000511	0.9251684599999999703	1.029961413409891335
1.330000000000000071	0.9711483779999999788	1.80648848899999992	1.031346392656509625
1.34000000000000008	0.9734845420000000082	0.8252155770000000334	1.032731371903128137
1.350000000000000089	0.9757233579999999851	0.3124377870000000224	1.034116351149746649
1.360000000000000098	0.9778646020000000272	1.179311643999999992	1.035501330396364938
1.370000000000000107	0.9799080610000000524	0.2243295949999999928	1.03688630964298345
1.379999999999999893	0.9818535299999999744	0.3839666230000000069	1.03827128888960174
1.389999999999999902	0.9837008149999999507	0.5297833699999999757	1.039656268136220252
1.399999999999999911	0.9854497300000000237	1.889728953999999961	1.041041247382838542
1.40999999999999992	0.9871001010000000075	0.4615350679999999928	1.042426226629457053
1.419999999999999929	0.9886517630000000167	1.068355975000000013	1.043811205876075565
1.429999999999999938	0.9901045600000000224	1.224193478999999973	1.045196185122693855
1.439999999999999947	0.9914583479999999893	0.8148143140000000395	1.046581164369312367
1.449999999999999956	0.9927129909999999891	0.02711425900000000166	1.047966143615930656
1.459999999999999964	0.9938683630000000324	1.724106823999999927	1.049351122862549168
1.469999999999999973	0.9949243500000000129	0.1975085490000000055	1.05073610210916768
1.479999999999999982	0.995880844999999959	0.2928069300000000208	1.05212108135578597
1.489999999999999991	0.9967377520000000324	1.091277108000000107	1.053506060602404482
1.5	0.9974949870000000551	1.250598316999999904	1.054891039849022771
1.510000000000000009	0.9981524720000000128	0.2920031530000000153	1.056276019095641283
1.520000000000000018	0.9987101440000000219	1.83367873299999995	1.057660998342259795
1.530000000000000027	0.9991679449999999463	1.056935267999999928	1.059045977588878085
1.540000000000000036	0.9995258310000000312	0.09085650500000000407	1.060430956835496596
1.550000000000000044	0.9997837640000000192	1.074139726000000072	1.061815936082114886
1.560000000000000053	0.9999417200000000339	0.9907073060000000098	1.063200915328733398
1.570000000000000062	0.9999996829999999726	1.964833647999999933	1.064585894575351688
1.580000000000000071	0.9999576460000000333	1.811408472000000103	1.0659708738219702
1.59000000000000008	0.9998156150000000464	1.671651272000000077	1.067355853068588711
1.600000000000000089	0.9995736029999999772	1.777019222000000065	1.068740832315207001
1.610000000000000098	0.9992316340000000352	0.9752630359999999721	1.070125811561825513
1.620000000000000107	0.9987897430000000076	1.312072729000000049	1.071510790808444025
1.629999999999999893	0.9982479739999999824	1.450915318999999926	1.072895770055062314
1.639999999999999902	0.9976063809999999865	1.502620571000000016	1.074280749301680826
1.649999999999999911	0.9968650279999999864	1.85758635399999994	1.075665728548299116
1.65999999999999992	0.9960239899999999702	1.929677448000000073	1.077050707794917628
1.669999999999999929	0.9950833500000000331	0.4369329220000000014	1.078435687041535918
1.679999999999999938	0.9940432019999999591	0.3244642609999999761	1.079820666288154429
1.689999999999999947	0.9929036509999999982	1.745373333000000082	1.081205645534772941
1.699999999999999956	0.9916648099999999522	0.919195934999999964	1.082590624781391231
1.709999999999999964	0.9903268039999999495	0.5415543750000000323	1.083975604028009743
1.719999999999999973	0.9888897660000000034	1.065024906000000104	1.085360583274628032
1.729999999999999982	0.9873538400000000381	0.02548995600000000111	1.086745562521246544
1.739999999999999991	0.9857191789999999454	0.9713220580000000437	1.088130541767865056
1.75	0.9839859469999999719	0.3375076430000000238	1.089515521014483346
1.760000000000000009	0.9821543169999999989	1.416698749000000035	1.090900500261101858
1.770000000000000018	0.9802244730000000406	1.504875562999999916	1.092285479507720147
1.780000000000000027	0.9781966069999999958	1.016821017000000049	1.093670458754338659
1.790000000000000036	0.9760709220000000075	0.8730284489999999842	1.095055438000957171
1.800000000000000044	0.9738476310000000469	0.9044628019999999546	1.096440417247575461
1.810000000000000053	0.9715269560000000526	1.441230840000000013	1.097825396494193972
1.820000000000000062	0.9691091290000000136	1.130634817000000014	1.099210375740812262
1.830000000000000071	0.9665943919999999689	0.4041089869999999751	1.100595354987430774
1.84000000000000008	0.9639829960000000364	0.9555344810000000466	1.101980334234049064
1.850000000000000089	0.9612752030000000225	1.02130240299999997	1.103365313480667576
1.860000000000000098	0.9584712829999999517	1.181468476000000045	1.104750292727286087
1.870000000000000107	0.9555715169999999814	0.3338152569999999764	1.106135271973904377
1.879999999999999893	0.9525761940000000427	0.9389174639999999794	1.107520251220522889
1.889999999999999902	0.9494856149999999495	1.636529603999999916	1.108905230467141401
1.899999999999999911	0.9463000879999999837	0.7598599179999999675	1.11029020971375969
1.90999999999999992	0.9430199310000000334	1.30838291799999995	1.11167518896037798
1.919999999999999929	0.9396454739999999806	0.510711687999999997	1.113060168206996492
1.929999999999999938	0.9361770520000000095	0.6529058100000000309	1.114445147453615004
1.939999999999999947	0.9326150140000000199	1.673189531000000008	1.115830126700233293
1.949999999999999956	0.9289597149999999637	0.774344667000000042	1.117215105946851805
1.959999999999999964	0.9252115210000000367	0.9923014209999999613	1.118600085193470317
1.969999999999999973	0.9213708059999999866	1.752194621999999979	1.119985064440088607
1.979999999999999982	0.9174379550000000272	0.2534146449999999939	1.121370043686707119
1.989999999999999991	0.9134133610000000347	0.691744363999999945	1.12275502293332563
2	0.909297427000000047	0.3094114780000000176	1.12414000217994392
2.009999999999999787	0.9050905630000000146	0.1731637410000000099	1.12552498142656221
2.020000000000000018	0.9007931919999999648	0.1866017520000000096	1.126909960673180722
2.029999999999999805	0.8964057410000000337	0.92938911099999999	1.128294939919799234
2.040000000000000036	0.8919286509999999613	0.2071423470000000044	1.129679919166417523
2.049999999999999822	0.8873623689999999842	0.1667717740000000115	1.131064898413036035
2.060000000000000053	0.8827073509999999734	0.63044188000000001	1.132449877659654547
2.06999999999999984	0.8779640629999999613	0.508193336000000051	1.133834856906272837
2.080000000000000071	0.8731329799999999475	0.8129846480000000319	1.135219836152891348
2.089999999999999858	0.8682145829999999842	1.379259793999999983	1.136604815399509638
2.100000000000000089	0.8632093669999999497	1.790115909000000061	1.13798979464612815
2.109999999999999876	0.8581178299999999703	-0.07418597799999999964	1.13937477389274644
2.120000000000000107	0.8529404820000000553	-0.1147130459999999991	1.140759753139364951
2.129999999999999893	0.8476778400000000158	0.2791955199999999748	1.142144732385983463
2.140000000000000124	0.8423304320000000178	1.700566945999999913	1.143529711632601753
2.149999999999999911	0.8368987909999999752	1.497302735999999967	1.144914690879220265
2.160000000000000142	0.8313834610000000458	1.052943944999999992	1.135758825387428228
2.169999999999999929	0.8257849929999999672	1.133203887999999937	1.124046369058142147
2.18000000000000016	0.8201039479999999715	1.147904851000000059	1.112333912728855623
2.189999999999999947	0.8143408920000000384	1.580004661999999893	1.100621456399569986
2.200000000000000178	0.8084964040000000018	1.076547657000000102	1.088909000070283462
2.209999999999999964	0.8025710660000000551	1.643984246999999899	1.077196543740997381
2.220000000000000195	0.7965654720000000522	0.8450658650000000272	1.065484087411710856
2.229999999999999982	0.7904802220000000101	1.305896202000000006	1.053771631082424776
2.240000000000000213	0.7843159250000000249	1.292575076999999961	1.042059174753138251
2.25	0.7780731969999999942	1.378421262999999897	1.03034671842385217
2.259999999999999787	0.7717526620000000337	1.381990542999999905	1.01863426209456609
2.270000000000000018	0.7653549530000000045	1.074766056000000081	1.006921805765279565
2.279999999999999805	0.7588807079999999594	-0.08207573799999999531	0.9952093494359933734
2.290000000000000036	0.7523305759999999731	1.473502239999999963	0.9834968931067069597
2.299999999999999822	0.7457052119999999507	0.2586449219999999993	0.9717844367774213232
2.310000000000000053	0.7390052780000000432	-0.2124543140000000052	0.9600719804481346875
2.31999999999999984	0.7322314439999999536	0.8998051790000000105	0.9483595241188487179
2.330000000000000071	0.7253843869999999638	0.9510322049999999638	0.9366470677895621932
2.339999999999999858	0.7184647929999999905	0.513689485999999973	0.9249346114602761126
2.350000000000000089	0.7114733530000000306	0.5895212530000000228	0.9132221551309895879
2.359999999999999876	0.704410765999999966	-0.1515126659999999903	0.9015096988017033963
2.370000000000000107	0.6972777380000000358	1.153881737000000074	0.8897972424724169827
2.379999999999999893	0.6900749840000000024	1.193635905999999913	0.878084786143130902
2.390000000000000124	0.6828032219999999874	1.324742966999999938	0.8663723298138443774
2.399999999999999911	0.6754631810000000236	-0.2903203220000000195	0.8546598734845581857
2.410000000000000142	0.6680555929999999476	1.406224560000000068	0.8429474171552717721
2.419999999999999929	0.6605812009999999512	0.8929167789999999938	0.8312349608259861355
2.43000000000000016	0.6530407520000000021	0.5862042650000000021	0.8195225044966996109
2.439999999999999947	0.6454349980000000375	0.7359635389999999999	0.8078100481674135303
2.450000000000000178	0.6377647020000000166	0.7577886109999999453	0.7960975918381270056
2.459999999999999964	0.6300306300000000359	0.9473207999999999629	0.784385135508840925
2.470000000000000195	0.6222335549999999937	0.08980154299999999756	0.7726726791795544003
2.479999999999999982	0.6143742580000000064	1.415444587999999948	0.7609602228502683197
2.490000000000000213	0.6064535229999999943	1.182230882000000038	0.749247766520981795
2.5	0.5984721440000000392	1.225792881999999917	0.7375353101916957144
2.509999999999999787	0.5904309180000000268	0.9394750280000000453	0.7258228538624096338
2.520000000000000018	0.5823306499999999497	0.8083754640000000435	0.7141103975331231091
2.529999999999999805	0.5741721480000000488	0.3189191120000000046	0.7023979412038374726
2.540000000000000036	0.5659562299999999491	0.3918964389999999853	0.6906854848745509479
2.549999999999999822	0.5576837169999999677	1.323346732000000081	0.6789730285452648673
2.560000000000000053	0.5493554360000000303	1.443170234000000107	0.6672605722159783426
2.56999999999999984	0.5409722200000000036	1.498532498999999962	0.655548115886692262
2.580000000000000071	0.532534908000000029	0.549773044000000044	0.6438356595574057373
2.589999999999999858	0.5240443420000000518	0.9374306409999999534	0.6321232032281196567
2.600000000000000089	0.5155013720000000133	0.5254693639999999943	0.620410746898833132
2.609999999999999876	0.5069068519999999634	0.5869163090000000249	0.6086982905695470514
2.620000000000000107	0.4982616420000000046	0.1536597229999999981	0.5969858342402605267
2.629999999999999893	0.489566606999999987	0.5975797750000000352	0.5852733779109744461
2.640000000000000124	0.4808226150000000088	0.8479921120000000201	0.5735609215816879214
2.649999999999999911	0.4720305410000000257	-0.5100239079999999703	0.5618484652524022849
2.660000000000000142	0.4631912650000000187	0.7180397229999999631	0.5501360089231157602
2.669999999999999929	0.4543056699999999948	-0.5047876589999999997	0.5384235525938296796
2.68000000000000016	0.4453746450000000134	-0.5396286799999999717	0.5267110962645430439
2.689999999999999947	0.4363990819999999937	0.5213286480000000056	0.5149986399352570743
2.700000000000000178	0.4273798799999999898	0.5947376020000000318	0.5032861836059705496
2.709999999999999964	0.4183179410000000265	0.3811359639999999938	0.491573727276684469
2.720000000000000195	0.4092141699999999882	0.5023862049999999746	0.4798612709473979443
2.729999999999999982	0.4000694779999999784	0.1043042629999999943	0.4681488146181118637
2.740000000000000213	0.3908847790000000155	1.096662382000000102	0.456436358288825339
2.75	0.3816609919999999767	-0.2383355610000000013	0.4447239019595392584
2.759999999999999787	0.3723990389999999873	0.9005471689999999807	0.4330114456302536219
2.770000000000000018	0.3630998469999999756	-0.215571249999999992	0.4212989893009670972
2.779999999999999805	0.3537643449999999801	-0.1266629489999999969	0.4095865329716810166
2.790000000000000036	0.3443934670000000087	1.034289613999999968	0.3978740766423944919
2.799999999999999822	0.3349881499999999845	-0.6442000390000000021	0.3861616203131084113
2.810000000000000053	0.3255493349999999952	0.5971757149999999958	0.3744491639838218866
2.81999999999999984	0.316077963999999989	1.103209155999999913	0.362736707654535806
2.830000000000000071	0.3065749859999999938	1.091419303999999979	0.3510242513252492813
2.839999999999999858	0.297041351000000009	-0.0888965959999999944	0.3393117949959632007
2.850000000000000089	0.287478012000000005	1.059335971000000098	0.327599338666676676
2.859999999999999876	0.2778859260000000053	0.5167551110000000447	0.3158868823373905954
2.870000000000000107	0.2682660510000000054	0.6926967099999999933	0.3041744260081040707
2.879999999999999893	0.2586193500000000256	-0.5164797249999999451	0.2924619696788184342
2.890000000000000124	0.2489467870000000027	-0.3062952389999999969	0.2807495133495319095
2.899999999999999911	0.2392493290000000106	-0.3637504730000000186	0.2690370570202458844
2.910000000000000142	0.2295279470000000099	-0.05410676200000000269	0.2573246006909593042
2.919999999999999929	0.2197836119999999893	-0.07717392800000000275	0.2456121443616732236
2.93000000000000016	0.2100172989999999906	0.7596750509999999901	0.2338996880323866989
2.939999999999999947	0.2002299849999999992	0.7022435329999999754	0.2221872317031006183
2.950000000000000178	0.1904226470000000004	-0.1109124660000000012	0.2104747753738140936
2.959999999999999964	0.1805962680000000042	-0.1924831909999999979	0.198762319044528013
2.970000000000000195	0.1707518289999999939	-0.5519928269999999637	0.1870498627152414883
2.979999999999999982	0.160890315000000006	-0.1699970339999999913	0.1753374063859554077
2.990000000000000213	0.1510127119999999934	-0.1015849639999999998	0.163624950056668883
3	0.1411200079999999912	0.184547296999999999	0.1519124937273832465
3.009999999999999787	0.1312131920000000063	0.2734511969999999792	0.1402000373980971659
3.020000000000000018	0.1212932550000000026	0.7123191639999999492	0.1284875810688106412
3.029999999999999805	0.1113611889999999993	0.4779564330000000139	0.1167751247395245606
3.040000000000000036	0.1014179860000000016	0.1714674270000000056	0.1050626684102380359
3.049999999999999822	0.09146464199999999878	-0.6004200819999999661	0.09335021208095195533
3.060000000000000053	0.08150215199999999438	-0.3594847170000000092	0.08163775575166543064
3.06999999999999984	0.07153151100000000595	1.001869549000000026	0.06992529942237935003
3.080000000000000071	0.06155371700000000085	-0.5444763529999999685	0.05821284309309282534
3.089999999999999858	0.05156976800000000194	0.3689792000000000072	0.04650038676380674474
3.100000000000000089	0.0415806619999999974	-0.469175074999999997	0.03478793043452022005
3.109999999999999876	0.03158739800000000264	-0.6110419660000000475	0.02307547410523413944
3.120000000000000107	0.02159097600000000131	-0.08458892499999999537	0.01136301777594761475
3.129999999999999893	0.01159239400000000066	0.9270427799999999552	-0.0003494385533380217623
3.140000000000000124	0.001592653000000000081	-0.4165482340000000172	-0.01206189488262454645
3.149999999999999911	-0.008407246999999999637	-0.1666480419999999962	-0.02377435121191062706
3.160000000000000142	-0.01840630700000000022	-0.07944461799999999463	-0.03548680754119715175
3.169999999999999929	-0.02840352599999999839	0.3879659120000000239	-0.04719926387048323235
3.18000000000000016	-0.03839790500000000301	0.8965495999999999466	-0.05891172019976975704
3.189999999999999947	-0.0483884430000000032	-0.9005038349999999747	-0.07062417652905583765
3.200000000000000178	-0.05837414300000000333	0.8306872669999999514	-0.08233663285834236234
3.209999999999999964	-0.06835400599999999494	0.4102775140000000098	-0.09404908918762844294
3.220000000000000195	-0.07832703300000000424	0.3792215910000000245	-0.1057615455169149676
3.229999999999999982	-0.08829222800000000038	-0.7731552879999999961	-0.1174740018462010482
3.240000000000000213	-0.09824859399999999465	0.813461835000000022	-0.1291864581754875729
3.25	-0.1081951349999999978	-0.3445886739999999837	-0.1408989145047732094
3.259999999999999787	-0.1181308560000000063	-0.9676717919999999751	-0.15261137083405929
3.270000000000000018	-0.1280547639999999876	-0.4295430450000000122	-0.1643238271633458147
3.279999999999999805	-0.137965866999999992	0.7507939040000000119	-0.1760362834926318953
3.290000000000000036	-0.1478631740000000139	-0.2980300570000000149	-0.18774873982191842
3.299999999999999822	-0.1577456939999999919	0.02343781099999999937	-0.1994611961512045006
3.310000000000000053	-0.1676124400000000014	-0.9637273830000000485	-0.2111736524804910253
3.31999999999999984	-0.177462425000000007	-0.6429315209999999503	-0.2228861088097771059
3.330000000000000071	-0.1872946639999999996	-0.8604657700000000187	-0.2345985651390636306
3.339999999999999858	-0.1971081729999999976	-0.002039889999999999932	-0.2463110214683497112
3.350000000000000089	-0.2069019719999999896	0.735660509000000018	-0.2580234777976362359
3.359999999999999876	-0.2166750799999999921	-0.1262908419999999865	-0.2697359341269218724
3.370000000000000107	-0.2264265219999999912	-0.5520966459999999687	-0.2814483904562083971
3.379999999999999893	-0.2361553210000000014	-0.2926501389999999758	-0.2931608467854944777
3.390000000000000124	-0.2458605040000000075	0.01911168599999999926	-0.3048733031147810024
3.399999999999999911	-0.25554110200000002	-1.093922574000000036	-0.316585759444067083
3.410000000000000142	-0.2651961460000000215	-1.23661664800000004	-0.3282982157733536077
3.419999999999999929	-0.2748246699999999931	-0.293274099999999982	-0.3400106721026392442
3.43000000000000016	-0.2844257130000000244	-1.128539034000000107	-0.3517231284319257689
3.439999999999999947	-0.2939983119999999839	-0.01410479400000000036	-0.3634355847612122936
3.450000000000000178	-0.303541512999999985	-0.7285496430000000245	-0.3751480410904988183
3.459999999999999964	-0.3130543590000000043	0.5763756709999999783	-0.3868604974197844548
3.470000000000000195	-0.3225358999999999865	-0.8606377109999999719	-0.3985729537490709795
3.479999999999999982	-0.3319851879999999866	0.5867710969999999637	-0.4102854100783575042
3.490000000000000213	-0.3414012779999999747	-1.251739356000000081	-0.4219978664076440289
3.5	-0.3507832280000000025	-0.1201087110000000069	-0.4337103227369296654
3.509999999999999787	-0.3601300989999999813	0.1939147920000000025	-0.4454227790662161346
3.520000000000000018	-0.3694409590000000132	-0.9039053940000000287	-0.4571352353955027148
3.529999999999999805	-0.3787148739999999791	-1.352943790000000091	-0.4688476917247883513
3.540000000000000036	-0.3879509179999999779	-0.159294646000000012	-0.480560148054074876
3.549999999999999822	-0.3971481669999999964	0.004620871999999999827	-0.4922726043833605125
3.560000000000000053	-0.4063057019999999908	-1.077278992999999963	-0.5039850607126470372
3.56999999999999984	-0.4154226069999999993	-1.266849542000000106	-0.5156975170419335619
3.580000000000000071	-0.424497968999999975	-0.6221367300000000267	-0.5274099733712200866
3.589999999999999858	-0.433530882999999978	-0.8966770539999999734	-0.5391224297005057231
3.600000000000000089	-0.4425204429999999856	-1.298191010999999895	-0.5508348860297922478
3.609999999999999876	-0.4514657519999999979	-1.214639425999999967	-0.5625473423590787725
3.620000000000000107	-0.4603659150000000144	0.1973942519999999923	-0.5742597986883652972
3.629999999999999893	-0.4692200409999999766	-1.048562524000000051	-0.5859722550176509337
3.640000000000000124	-0.4780272460000000168	-0.7458371630000000252	-0.5976847113469374584
3.649999999999999911	-0.4867866490000000157	-0.8416122449999999811	-0.6093971676762230949
3.660000000000000142	-0.4954973730000000187	0.4405210500000000251	-0.6211096240055096196
3.669999999999999929	-0.5041585480000000397	-1.250157815999999977	-0.6328220803347961443
3.68000000000000016	-0.5127693070000000075	-0.2600725999999999871	-0.644534536664082669
3.689999999999999947	-0.5213287899999999864	-0.6408373349999999524	-0.6562469929933683055
3.700000000000000178	-0.5298361409999999827	-1.47599413299999993	-0.6679594493226548302
3.709999999999999964	-0.5382905080000000009	-0.6444249720000000403	-0.6796719056519413549
3.720000000000000195	-0.546691047000000041	0.2874117540000000193	-0.6913843619812278796
3.729999999999999982	-0.5550369170000000185	0.4300583190000000222	-0.7030968183105135161
3.740000000000000213	-0.5633272839999999837	-0.1439949690000000004	-0.7148092746398000408
3.75	-0.5715613189999999566	0.1069801130000000017	-0.7265217309690865655
3.759999999999999787	-0.5797381980000000379	-0.5673144890000000329	-0.738234187298372202
3.770000000000000018	-0.5878571030000000475	0.3894682979999999906	-0.7499466436276587267
3.779999999999999805	-0.5959172240000000231	-1.158423253000000042	-0.7616590999569443632
3.790000000000000036	-0.6039177529999999461	-0.7434395339999999575	-0.7733715562862308879
3.799999999999999822	-0.6118578909999999871	-0.9544647600000000232	-0.7850840126155174126
3.810000000000000053	-0.6197368439999999534	0.2829279000000000099	-0.7967964689448039373
3.81999999999999984	-0.6275538229999999551	-0.7591636210000000107	-0.8085089252740895738
3.830000000000000071	-0.6353080479999999586	-0.4722896480000000063	-0.8202213816033760985
3.839999999999999858	-0.6429987419999999565	-0.09905604099999999745	-0.8319338379326626232
3.850000000000000089	-0.65062513700000002	-0.9394514689999999835	-0.8436462942619491479
3.859999999999999876	-0.6581864699999999679	-0.4707834759999999785	-0.8553587505912347844
3.870000000000000107	-0.6656819849999999761	-0.703051657000000052	-0.8670712069205213091
3.879999999999999893	-0.6731109320000000507	-0.6951381410000000427	-0.8787836632498069456
3.890000000000000124	-0.6804725689999999716	-0.4557856430000000181	-0.8904961195790934703
3.899999999999999911	-0.6877661590000000436	0.2023594989999999982	-0.902208575908379995
3.910000000000000142	-0.6949909730000000119	-1.043416544999999918	-0.9139210322376665196
3.919999999999999929	-0.702146288999999979	-1.122904388000000031	-0.9256334885669521562
3.93000000000000016	-0.7092313900000000171	0.09316028599999999493	-0.9373459448962386809
3.939999999999999947	-0.7162455690000000263	-0.9052158780000000293	-0.9490584012255252055
3.950000000000000178	-0.7231881239999999877	-0.4102463740000000247	-0.9607708575548117302
3.959999999999999964	-0.730058360999999989	-1.698065347000000003	-0.9724833138840973668
3.970000000000000195	-0.7368555919999999482	-1.099141260999999981	-0.9841957702133838914
3.979999999999999982	-0.7435791389999999446	-1.502263729999999908	-0.9959082265426704161
3.990000000000000213	-0.7502283280000000554	-0.2055511660000000074	-1.007620682871956941
4	-0.756802494999999964	-0.05794963499999999934	-1.019333139201242577
4.009999999999999787	-0.763300983000000044	-0.4430407499999999832	-1.031045595530528214
4.019999999999999574	-0.7697231410000000551	-0.9624354670000000445	-1.042758051859814739
4.030000000000000249	-0.7760683269999999467	-1.212759136000000071	-1.054470508189101263
4.040000000000000036	-0.7823359069999999971	-1.768884072000000085	-1.059571346525230995
4.049999999999999822	-0.7885252539999999533	-0.1596148579999999984	-1.063096676909510485
4.059999999999999609	-0.7946357499999999741	-1.641914748999999896	-1.066622007293789975
4.070000000000000284	-0.8006667819999999658	-1.800412117999999895	-1.07014733767806991
4.080000000000000071	-0.8066177490000000505	-0.5216988030000000442	-1.0736726680623494
4.089999999999999858	-0.8124880540000000151	-1.086634478999999986	-1.07719799844662889
4.099999999999999645	-0.8182771110000000014	-0.3207144279999999958	-1.080723328830908381
4.11000000000000032	-0.8239843409999999535	-1.3509907000000001	-1.084248659215188315
4.120000000000000107	-0.8296091740000000048	-0.1423618379999999906	-1.087773989599467805
4.129999999999999893	-0.835151046000000008	-0.2600284359999999739	-1.091299319983747296
4.13999999999999968	-0.840609403999999949	-0.8340102769999999666	-1.094824650368026786
4.150000000000000355	-0.8459837009999999768	-1.161374950999999989	-1.09834998075230672
4.160000000000000142	-0.8512734010000000406	-1.60130649199999997	-1.101875311136586211
4.169999999999999929	-0.8564779740000000308	-0.1535844000000000098	-1.105400641520865701
4.179999999999999716	-0.8615968999999999989	-0.1773134560000000082	-1.108925971905145191
4.190000000000000391	-0.8666296669999999924	-1.181323487000000005	-1.112451302289425126
4.200000000000000178	-0.8715757720000000264	-1.474449300000000074	-1.115976632673704616
4.209999999999999964	-0.8764347200000000004	-0.9708541200000000426	-1.119501963057984106
4.219999999999999751	-0.8812060259999999756	-0.6741036969999999462	-1.123027293442263597
4.230000000000000426	-0.8858892109999999542	-0.4714147969999999965	-1.126552623826543531
4.240000000000000213	-0.890483809000000015	-1.767761342000000013	-1.130077954210823021
4.25	-0.8949893580000000126	-1.555436711000000027	-1.133603284595102512
4.259999999999999787	-0.8994054099999999607	-1.713945382999999989	-1.137128614979382002
4.269999999999999574	-0.9037315209999999821	-1.244278683999999968	-1.140653945363661492
4.280000000000000249	-0.9079672610000000255	-0.578464883999999957	-1.144179275747941427
4.290000000000000036	-0.9121122040000000375	-0.9019474589999999514	-1.147704606132220917
4.299999999999999822	-0.9161659370000000413	-1.744398294000000016	-1.151229936516500407
4.309999999999999609	-0.920128053999999973	-0.3946587320000000121	-1.154755266900779898
4.320000000000000284	-0.9239981590000000411	-1.669753245000000108	-1.158280597285059832
4.330000000000000071	-0.9277758649999999774	-1.360471178000000059	-1.161805927669339322
4.339999999999999858	-0.9314607940000000363	0.0544562980000000002	-1.164409053760174784
4.349999999999999645	-0.9350525779999999676	-0.007043668000000000325	-1.16172309383135075
4.36000000000000032	-0.9385508569999999606	-1.649925655999999963	-1.159037133902526495
4.370000000000000107	-0.9419552820000000048	-0.2054957470000000064	-1.156351173973702462
4.379999999999999893	-0.9452655119999999744	-0.3882786420000000072	-1.153665214044878429
4.38999999999999968	-0.9484812169999999876	-0.2443638350000000015	-1.150979254116054395
4.400000000000000355	-0.9516020739999999645	-0.2366346769999999877	-1.14829329418723014
4.410000000000000142	-0.9546277720000000411	-1.21565026399999998	-1.145607334258406107
4.419999999999999929	-0.9575580070000000443	-1.089416780000000085	-1.142921374329582074
4.429999999999999716	-0.9603924879999999886	-1.648093679000000034	-1.140235414400758041
4.440000000000000391	-0.9631309310000000234	-0.585743607000000055	-1.137549454471933563
4.450000000000000178	-0.9657730610000000437	-0.5835828640000000345	-1.13486349454310953
4.459999999999999964	-0.9683186139999999664	-0.6332092950000000053	-1.132177534614285497
4.469999999999999751	-0.9707673369999999524	-1.880848611000000004	-1.129491574685461464
4.480000000000000426	-0.973118982999999993	-0.5779188669999999473	-1.126805614756637208
4.490000000000000213	-0.9753733190000000164	-0.8014829489999999446	-1.124119654827813175
4.5	-0.9775301180000000034	-1.78566775600000005	-1.121433694898989142
4.509999999999999787	-0.9795891639999999567	-0.523636337999999979	-1.118747734970165109
4.519999999999999574	-0.9815502529999999837	-1.637699307000000104	-1.116061775041341075
4.530000000000000249	-0.9834131879999999937	-0.4164870709999999865	-1.11337581511251682
4.540000000000000036	-0.9851777819999999464	-0.4890816969999999819	-1.110689855183692787
4.549999999999999822	-0.9868438590000000454	-0.8939926259999999569	-1.108003895254868754
4.559999999999999609	-0.9884112520000000179	-0.5155631870000000339	-1.10531793532604472
4.570000000000000284	-0.989879804999999946	-1.596993888999999944	-1.102631975397220465
4.580000000000000071	-0.9912493709999999902	-1.857650483000000019	-1.099946015468396432
4.589999999999999858	-0.9925198130000000285	-1.044760632000000022	-1.097260055539572399
4.599999999999999645	-0.9936910039999999888	-1.639390662000000054	-1.094574095610748365
4.61000000000000032	-0.9947628259999999889	-0.5441485600000000034	-1.09188813568192411
4.620000000000000107	-0.9957351730000000289	-1.899945474999999995	-1.089202175753100077
4.629999999999999893	-0.996607946999999994	-1.273958641999999974	-1.086516215824276044
4.63999999999999968	-0.9973810619999999849	-0.3060599529999999957	-1.083830255895452011
4.650000000000000355	-0.9980544390000000154	-1.307510481000000002	-1.081144295966627755
4.660000000000000142	-0.9986280109999999821	-1.304048443999999973	-1.078458336037803722
4.669999999999999929	-0.9991017220000000254	-0.5011975389999999697	-1.075772376108979689
4.679999999999999716	-0.9994755229999999768	-0.4378679879999999858	-1.073086416180155656
4.690000000000000391	-0.9997493769999999946	-0.8745892349999999649	-1.0704004562513314
4.700000000000000178	-0.999923258000000037	-0.7962196449999999759	-1.067714496322507367
4.709999999999999964	-0.9999971460000000034	-0.06636318700000000403	-1.065028536393683334
4.719999999999999751	-0.9999710360000000353	-0.2155135990000000001	-1.062342576464859301
4.730000000000000426	-0.9998449299999999651	-0.6820189359999999645	-1.059656616536034823
4.740000000000000213	-0.9996188400000000085	-0.3068067259999999741	-1.05697065660721079
4.75	-0.9992927889999999591	-1.941581655000000017	-1.054284696678386757
4.759999999999999787	-0.9988668090000000221	-0.9791220419999999702	-1.051598736749562724
4.769999999999999574	-0.9983409439999999524	-1.970566416000000043	-1.04891277682073869
4.780000000000000249	-0.9977152459999999445	-0.28981763100000002	-1.046226816891914435
4.790000000000000036	-0.9969897760000000497	-0.7695931799999999878	-1.043540856963090402
4.799999999999999822	-0.9961646090000000342	-1.692565980999999997	-1.040854897034266369
4.809999999999999609	-0.9952398260000000496	-1.627115875999999961	-1.038168937105442335
4.820000000000000284	-0.9942155200000000193	-1.866180098000000065	-1.03548297717661808
4.830000000000000071	-0.9930917929999999449	-0.3242948259999999805	-1.032797017247794047
4.839999999999999858	-0.9918687569999999898	-0.2844836539999999747	-1.030111057318970014
4.849999999999999645	-0.9905465359999999775	-1.737488458000000069	-1.02742509739014598
4.86000000000000032	-0.9891252609999999779	-0.5110676349999999646	-1.024739137461321725
4.870000000000000107	-0.9876050739999999717	-0.4289403030000000228	-1.022053177532497692
4.879999999999999893	-0.98598612699999999	-1.654858892000000026	-1.019367217603673659
4.88999999999999968	-0.9842685829999999747	-1.453988733999999949	-1.016681257674849626
4.900000000000000355	-0.9824526129999999746	-1.333852408000000045	-1.01399529774602537
4.910000000000000142	-0.9805383979999999777	-1.979107823000000099	-1.011309337817201337
4.919999999999999929	-0.978526129999999994	-0.4274791070000000248	-1.008623377888377304
4.929999999999999716	-0.9764160100000000009	-1.2622215670000001	-1.005937417959553271
4.940000000000000391	-0.9742082499999999978	-0.9690673269999999784	-1.003251458030729015
4.950000000000000178	-0.9719030690000000083	-0.4808708549999999859	-1.000565498101904982
4.959999999999999964	-0.9695006990000000213	-1.833643573000000027	-0.9978795381730809488
4.969999999999999751	-0.9670013800000000215	-1.591187770999999973	-0.9951935782442569156
4.980000000000000426	-0.9644053620000000437	-0.3080222169999999871	-0.9925076183154326603
4.990000000000000213	-0.9617129030000000078	-0.6165406020000000487	-0.9898216583866086271
5	-0.9589242749999999926	-1.504942648000000105	-0.9871356984577843718
5.009999999999999787	-0.9560397539999999639	-1.860483582999999941	-0.9844497385289603386
5.019999999999999574	-0.9530596310000000182	-0.6031706249999999603	-0.9817637786001363054
5.030000000000000249	-0.9499842019999999998	-1.648584287999999898	-0.9790778186713120501
5.040000000000000036	-0.9468137760000000513	-0.1904683610000000027	-0.9763918587424880169
5.049999999999999822	-0.9435486690000000065	-0.5699442789999999981	-0.9737058988136639837
5.059999999999999609	-0.940189208000000054	-0.9247043179999999696	-0.9710199388848399504
5.070000000000000284	-0.9367357280000000452	-1.402762904000000033	-0.9683339789560156952
5.080000000000000071	-0.9331885760000000474	-1.891813455000000088	-0.9656480190271916619
5.089999999999999858	-0.9295481060000000406	-0.003838765999999999966	-0.9629620590983676287
5.099999999999999645	-0.9258146820000000554	-1.651031565000000034	-0.9602760991695435955
5.11000000000000032	-0.9219886779999999504	-0.1133484260000000021	-0.9575901392407193402
5.120000000000000107	-0.9180704750000000525	-0.9165859800000000224	-0.954904179311895307
5.129999999999999893	-0.9140604660000000159	-0.5288579150000000118	-0.9522182193830712738
5.13999999999999968	-0.9099590509999999632	-0.6782608599999999655	-0.9495322594542472405
5.150000000000000355	-0.905766641000000039	-0.03211286299999999844	-0.9468462995254229853
5.160000000000000142	-0.9014836560000000221	-1.583584364000000022	-0.944160339596598952
5.169999999999999929	-0.8971105230000000486	-1.80043273199999998	-0.9414743796677749188
5.179999999999999716	-0.8926476789999999717	-0.8235274970000000527	-0.9387884197389508856
5.190000000000000391	-0.8880955719999999998	-0.9690125160000000459	-0.9361024598101266303
5.200000000000000178	-0.8834546559999999493	-0.4703900240000000177	-0.9334164998813025971
5.209999999999999964	-0.8787253950000000202	0.0600221089999999971	-0.9307305399524785638
5.219999999999999751	-0.8739082620000000468	-0.8768558730000000079	-0.9280445800236545306
5.230000000000000426	-0.8690037390000000528	-1.781628270999999986	-0.9253586200948302753
5.240000000000000213	-0.8640123159999999469	-1.58075399399999994	-0.9226726601660062421
5.25	-0.8589344930000000211	-0.833375767000000045	-0.9199867002371822089
5.259999999999999787	-0.853770778000000008	-0.329773231	-0.9173007403083581757
5.269999999999999574	-0.8485216850000000255	-1.610813341000000065	-0.9146147803795341424
5.280000000000000249	-0.8431877420000000178	-1.236418151999999937	-0.9119288204507096651
5.290000000000000036	-0.8377694799999999553	-1.660796774000000031	-0.9092428605218856319
5.299999999999999822	-0.8322674420000000239	-0.5469812490000000027	-0.9065569005930615987
5.309999999999999609	-0.8266821779999999897	-0.7872612669999999868	-0.9038709406642375654
5.320000000000000284	-0.8210142470000000303	-0.002958449000000000148	-0.9011849807354133102
5.330000000000000071	-0.8152642140000000426	-0.1436963089999999943	-0.8984990208065892769
5.339999999999999858	-0.8094326560000000281	-1.459446076999999953	-0.8958130608777652437
5.349999999999999645	-0.8035201560000000409	-1.180164342000000088	-0.8931271009489412105
5.36000000000000032	-0.797527304000000048	-1.200704004999999963	-0.8904411410201169552
5.370000000000000107	-0.7914546999999999555	-0.705385770000000023	-0.887755181091292922
5.379999999999999893	-0.7853029510000000268	-1.600029813999999995	-0.8850692211624688888
5.38999999999999968	-0.7790726730000000488	-1.166956703000000095	-0.8823832612336448555
5.400000000000000355	-0.7727644879999999716	-1.275071086000000076	-0.8796973013048206003
5.410000000000000142	-0.766379027000000046	-0.9267077019999999665	-0.877011341375996567
5.419999999999999929	-0.7599169289999999632	-0.338595117000000001	-0.8743253814471725338
5.429999999999999716	-0.7533788390000000224	-0.4680455009999999749	-0.8716394215183485006
5.440000000000000391	-0.746765412999999989	-0.1884420240000000135	-0.8689534615895242453
5.450000000000000178	-0.7400773099999999882	-1.709223589000000043	-0.8662675016607002121
5.459999999999999964	-0.7333152010000000276	-1.396468180000000059	-0.8635815417318761789
5.469999999999999751	-0.7264797610000000017	-1.660384917000000016	-0.8608955818030521456
5.480000000000000426	-0.7195716730000000227	-1.418568392999999928	-0.8522100346540639748
5.490000000000000213	-0.712591627999999977	-0.4140148969999999928	-0.6912129775942617016
5.5	-0.7055403260000000509	0.2737245529999999816	-0.5302159205344452175
5.509999999999999787	-0.6984184690000000417	0.03102232400000000043	-0.4197808228533448371
5.519999999999999574	-0.6912267720000000448	-0.608559611999999972	-0.4135778438234174459
5.530000000000000249	-0.6839659519999999882	0.3018887889999999907	-0.4073748647934891109
5.540000000000000036	-0.6766367359999999609	-0.9979209690000000466	-0.4011718857635617752
5.549999999999999822	-0.6692398569999999935	0.006380053000000000113	-0.394968906733634384
5.559999999999999609	-0.6617760550000000297	-0.775663757999999981	-0.3887659277037065486
5.570000000000000284	-0.6542460759999999542	-1.33180924299999992	-0.3825629486737787133
5.580000000000000071	-0.6466506720000000374	-0.358531725999999995	-0.376359969643851322
5.589999999999999858	-0.6389906039999999621	-0.1188554240000000012	-0.3701569906139239308
5.599999999999999645	-0.6312666380000000466	-0.05025092800000000026	-0.3639540115839960954
5.61000000000000032	-0.6234795450000000239	-0.5762966889999999731	-0.3577510325540682601
5.620000000000000107	-0.6156301050000000386	-1.069374864999999897	-0.3515480535241408688
5.629999999999999893	-0.6077191029999999827	-0.06227153500000000286	-0.3453450744942130335
5.63999999999999968	-0.5997473290000000512	0.08397075399999999468	-0.3391420954642856422
5.650000000000000355	-0.5917155809999999905	-0.5518168919999999478	-0.3329391164343578069
5.660000000000000142	-0.583624660999999989	0.2684261960000000058	-0.3267361374044300271
5.669999999999999929	-0.5754753799999999808	-0.9956556530000000294	-0.3205331583745025803
5.679999999999999716	-0.567268552000000037	-0.2290594750000000124	-0.314330179344575189
5.690000000000000391	-0.559004996999999948	-0.01249983799999999923	-0.3081272003146473537
5.700000000000000178	-0.5506855430000000551	-1.253988818999999921	-0.3019242212847195184
5.709999999999999964	-0.542311019999999977	-0.4310487550000000057	-0.2957212422547921271
5.719999999999999751	-0.5338822659999999942	-1.022101337000000054	-0.2895182632248647359
5.730000000000000426	-0.5254001249999999956	-1.038819566999999999	-0.2833152841949364564
5.740000000000000213	-0.5168654440000000072	-0.8289795180000000263	-0.2771123051650090652
5.75	-0.508279076999999968	-0.7769729010000000491	-0.2709093261350816739
5.759999999999999787	-0.4996418830000000089	-1.274518413000000017	-0.2647063471051542827
5.769999999999999574	-0.4909547249999999807	-0.1104915439999999971	-0.2585033680752268914
5.780000000000000249	-0.4822184720000000091	-1.362661683000000012	-0.252300389045298612
5.790000000000000036	-0.4734339969999999953	-0.04322015099999999832	-0.2460974100153712207
5.799999999999999822	-0.464602179000000004	-0.8639686540000000026	-0.2398944309854438295
5.809999999999999609	-0.455723902000000014	-1.151808192999999925	-0.2336914519555159941
5.820000000000000284	-0.4468000520000000031	0.2921552869999999857	-0.2274884729255881033
5.830000000000000071	-0.4378315230000000002	0.0442408769999999979	-0.2212854938956607675
5.839999999999999858	-0.4288192109999999779	0.1070777100000000065	-0.2150825148657333763
5.849999999999999645	-0.4197640180000000165	-0.6002447220000000083	-0.208879535835805541
5.86000000000000032	-0.4106668479999999732	-0.05313052900000000273	-0.2026765568058777056
5.870000000000000107	-0.401528612000000007	-0.5288271620000000173	-0.1964735777759503144
5.879999999999999893	-0.3923502240000000252	0.4636449369999999792	-0.190270598746022479
5.88999999999999968	-0.3831326010000000171	-1.039724966000000084	-0.1840676197160950878
5.900000000000000355	-0.3738766649999999969	-0.9310983579999999593	-0.1778646406861672524
5.910000000000000142	-0.3645833410000000052	-0.5314111200000000146	-0.1716616616562394171
5.919999999999999929	-0.3552535600000000238	-0.1434735910000000114	-0.1654586826263120258
5.929999999999999716	-0.3458882529999999789	0.3921189130000000134	-0.1592557035963846346
5.940000000000000391	-0.3364883579999999874	0.1604854249999999871	-0.1530527245664567715
5.950000000000000178	-0.3270548149999999987	-1.038525512999999956	-0.1468497455365289639
5.959999999999999964	-0.3175885660000000166	0.1820094180000000061	-0.1406467665066016004
5.969999999999999751	-0.3080905589999999861	0.5932008229999999882	-0.1344437874766741814
5.980000000000000426	-0.2985617420000000188	-0.3822405380000000186	-0.128240808446745902
5.990000000000000213	-0.289003069999999973	-0.7181099579999999927	-0.1220378294168185107
6	-0.2794154979999999844	0.4974881829999999727	-0.1158348503868911195
6.009999999999999787	-0.2697999850000000199	0.4751857850000000272	-0.1096318713569637837
6.019999999999999574	-0.2601574910000000185	0.4904732909999999779	-0.1034288923270363925
6.030000000000000249	-0.2504889829999999984	-0.3793616129999999864	-0.09722591329710805752
6.040000000000000036	-0.2407954250000000074	-1.233457623999999919	-0.09102293426718066627
6.049999999999999822	-0.2310777880000000062	-1.093496178000000096	-0.08481995523725327502
6.059999999999999609	-0.2213370440000000106	0.2894232740000000081	-0.07861697620732543967
6.070000000000000284	-0.2115741660000000079	-0.5386010260000000383	-0.07241399717739760433
6.080000000000000071	-0.2017901310000000115	-1.118824401999999996	-0.06621101814747021308
6.089999999999999858	-0.1919859170000000059	0.493746846000000017	-0.06000803911754287734
6.099999999999999645	-0.1821625040000000029	0.2161887419999999893	-0.05380506008761498649
6.11000000000000032	-0.1723208760000000117	0.6976551760000000435	-0.04760208105768715114
6.120000000000000107	-0.1624620149999999874	-0.2297232230000000042	-0.04139910202775975989
6.129999999999999893	-0.1525869089999999928	0.3636884690000000142	-0.03519612299783192455
6.13999999999999968	-0.1426965440000000085	-0.0132244579999999997	-0.0289931439679045333
6.150000000000000355	-0.1327919090000000135	0.8420792009999999994	-0.02279016493797669796
6.160000000000000142	-0.1228739949999999997	-0.4136736180000000207	-0.01658718590804886261
6.169999999999999929	-0.1129437940000000001	0.767344115999999965	-0.01038420687812147136
6.179999999999999716	-0.1030022990000000055	-0.566117746999999949	-0.00418122784819408011
6.190000000000000391	-0.09305050300000000663	-0.6735893370000000102	0.002021751181733755232
6.200000000000000178	-0.08308940300000000612	0.1760811610000000138	0.008224730211661590573
6.209999999999999964	-0.07311999399999999372	-0.8238256330000000016	0.01442770924158898183
6.219999999999999751	-0.06314327200000000029	-0.1377526169999999939	0.02063068827151637308
6.230000000000000426	-0.05316023699999999907	0.443242668999999978	0.02683366730144465251
6.240000000000000213	-0.04317188500000000012	-0.8767716540000000114	0.03303664633137204376
6.25	-0.03317921699999999696	0.6629785280000000114	0.03923962536129943501
6.259999999999999787	-0.02318322999999999912	0.1827004530000000126	0.04544260439122682627
6.269999999999999574	-0.01318492500000000012	-0.3879636360000000006	0.05164558342115421752
6.280000000000000249	-0.003185302000000000099	-0.4605221849999999728	0.05784856245108249695
6.290000000000000036	0.006814640000000000281	0.2507551809999999937	0.0640515414810098882
