X	NoNoise	Noisy
0	0	27.03394537
0.5	5.022466363	17.63285104
1	10.08972846	32.33151644
1.5	15.2015752	7.803099087
2	20.35778792	-0.751058596
2.5	25.5581402	32.2783973
3	30.80239771	29.24756101
3.5	36.09031803	34.70719442
4	41.42165048	56.45822462
4.5	46.79613594	56.76668093
5	52.21350671	35.72598045
5.5	57.6734863	35.90895328
6	63.1757893	72.67039212
6.5	68.72012118	59.42563789
7	74.3061781	76.8020434
7.5	79.93364679	80.87367213
8	85.60220433	110.6861081
8.5	91.31151801	58.31951373
9	97.0612451	103.3240281
9.5	102.8510328	94.23907492
10	108.6805178	123.3687973
10.5	114.5493266	103.6978644
11	120.4570747	120.2535481
11.5	126.4033669	126.7959567
12	132.3877971	128.0901954
12.5	138.4099477	131.6465286
13	144.46939	140.2675905
13.5	150.5656837	133.0607522
14	156.6983767	142.738691
14.5	162.8670052	139.375098
15	169.071093	161.7186971
15.5	175.3101521	133.7433518
16	181.5836819	183.6022639
16.5	187.8911693	179.4175254
17	194.2320882	200.4585009
17.5	200.6059001	168.5134569
18	207.0120531	162.3027433
18.5	213.4499822	208.7538015
19	219.9191089	255.3843497
19.5	226.4188414	236.9702218
20	232.9485739	219.3135182
20.5	239.507687	242.2024799
21	246.095547	236.0039106
21.5	252.7115064	259.2536477
22	259.3549031	265.2041031
22.5	266.0250606	281.4385129
23	272.7212879	288.7758806
23.5	279.4428789	290.5610564
24	286.189113	310.950064
24.5	292.9592543	269.689913
25	299.7525517	252.538489
25.5	306.568239	338.571399
26	313.4055342	302.9628944
26.5	320.26364	329.3786843
27	327.1417433	313.5498814
27.5	334.0390151	321.702964
28	340.9546103	357.6151501
28.5	347.8876681	350.8610495
29	354.8373112	355.5613974
29.5	361.802646	385.5375919
30	368.7827627	387.5611115
30.5	375.7767346	427.9918205
31	382.7836189	393.7084981
31.5	389.8024555	385.3401889
32	396.832268	426.8535915
32.5	403.8720628	413.3042994
33	410.9208294	424.3599925
33.5	417.9775403	431.5060778
34	425.0411508	452.1084997
34.5	432.110599	427.2617115
35	439.1848059	445.5525356
35.5	446.262675	446.7051812
36	453.3430924	491.3148074
36.5	460.4249269	437.3683633
37	467.5070298	445.1552811
37.5	474.588235	513.0653105
38	481.6673588	474.3237001
38.5	488.7431997	493.3005215
39	495.8145391	454.6802837
39.5	502.8801406	481.1148688
40	509.93875	536.6204718
40.5	516.9890959	525.6029041
41	524.0298891	564.8513514
41.5	531.0598229	527.8313353
42	538.077573	512.8336098
42.5	545.0817977	548.4877217
43	552.0711378	519.6918939
43.5	559.0442167	545.1172638
44	565.9996404	542.0686887
44.5	572.9359975	600.4421852
45	579.8518595	590.3788015
45.5	586.7457806	616.5252107
46	593.6162982	560.2616501
46.5	600.4619324	577.0631594
47	607.2811866	583.194859
47.5	614.0725473	604.4804486
48	620.8344846	616.0400208
48.5	627.5654517	631.8672281
49	634.2638858	623.6518152
49.5	640.9282077	615.1201092
50	647.556822	635.8245727
50.5	654.1481177	621.5154367
51	660.7004679	631.9202839
51.5	667.2122301	658.4039836
52	673.6817465	648.4575404
52.5	680.1073444	703.6638637
53	686.4873358	686.2795628
53.5	692.8200183	674.5792842
54	699.103675	704.0384392
54.5	705.3365749	736.4829349
55	711.5169728	734.2332873
55.5	717.6431101	757.8760445
56	723.7132149	723.8851168
56.5	729.7255019	690.552556
57	735.6781734	735.9560669
57.5	741.5694192	769.796644
58	747.3974167	712.588085
58.5	753.160332	778.2466355
59	758.8563195	754.8396267
59.5	764.4835226	759.0517518
60	770.0400742	749.0200223
60.5	775.5240969	739.5866334
61	780.9337033	784.0090069
61.5	786.2669968	769.0156141
62	791.5220718	788.1829317
62.5	796.697014	835.2037776
63	801.7899012	774.5117805
63.5	806.7988034	803.8201119
64	811.7217836	844.8340069
64.5	816.5568983	781.7754553
65	821.3021976	829.1060097
65.5	825.9557264	799.1524821
66	830.5155242	778.6546613
66.5	834.9796262	844.4207642
67	839.3460637	857.7178242
67.5	843.6128645	852.3116622
68	847.778054	813.1982661
68.5	851.839655	846.3216883
69	855.7956892	928.0254669
69.5	859.6441772	867.6677335
70	863.3831395	848.9711138
70.5	867.010597	850.2523587
71	870.5245718	847.111927
71.5	873.9230875	867.1867124
72	877.2041707	913.4964059
72.5	880.365851	847.2096447
73	883.4061618	876.3333481
73.5	886.3231416	862.2278082
74	889.1148342	870.193113
74.5	891.7792896	915.0792888
75	894.3145649	826.2642351
75.5	896.7187253	904.3783024
76	898.9898442	919.475562
76.5	901.126005	895.01348
77	903.1253011	919.2362722
77.5	904.9858373	903.3506832
78	906.7057303	870.0969009
78.5	908.2831101	956.2109439
79	909.7161201	873.3446914
79.5	911.0029188	884.0542154
80	912.1416803	950.5260744
80.5	913.1305954	906.0279311
81	913.9678722	929.0368056
81.5	914.6517376	940.9178621
82	915.1804378	965.2187541
82.5	915.5522398	925.717503
83	915.7654317	892.2067985
83.5	915.8183243	904.1732018
84	915.7092518	881.870229
84.5	915.436573	912.8955051
85	914.9986721	892.134258
85.5	914.3939601	895.6280199
86	913.6208754	888.7560834
86.5	912.6778855	914.7429285
87	911.5634873	889.6444109
87.5	910.2762089	928.2566015
88	908.8146102	923.5530543
88.5	907.1772842	865.6474484
89	905.362858	964.997311
89.5	903.3699942	889.9180073
90	901.1973918	911.8295209
90.5	898.8437871	915.6908015
91	896.3079553	951.3355122
91.5	893.5887114	860.267572
92	890.6849114	899.4256683
92.5	887.5954532	892.7675192
93	884.3192784	874.0719593
93.5	880.8553725	868.2458633
94	877.202767	847.1616184
94.5	873.3605401	867.5855132
95	869.3278178	915.7447101
95.5	865.1037752	940.1661162
96	860.6876378	834.183018
96.5	856.0786824	820.5281384
97	851.2762384	801.1497024
97.5	846.279689	865.9590931
98	841.0884724	873.4454167
98.5	835.7020828	808.4940873
99	830.1200717	822.9322822
99.5	824.342049	800.1448007
100	818.3676841	770.6990936
100.5	812.1967073	818.4622161
101	805.8289105	809.6048151
101.5	799.2641488	783.2853845
102	792.5023412	805.995678
102.5	785.5434723	791.9651645
103	778.3875927	782.7741362
103.5	771.0348206	754.5513836
104	763.4853427	763.2115276
104.5	755.7394153	785.1616148
105	747.7973656	732.4504669
105.5	739.6595922	762.0547581
106	731.3265668	713.0039222
106.5	722.7988348	712.9395451
107	714.0770163	702.0920215
107.5	705.1618074	800.432823
108	696.053981	734.5725276
108.5	686.7543876	716.8346893
109	677.2639565	727.1753402
109.5	667.5836967	660.4179076
110	657.7146975	746.2206771
110.5	647.6581297	641.9742425
111	637.4152465	595.8855961
111.5	626.9873838	588.0462817
112	616.3759618	636.6937563
112.5	605.5824852	636.029156
113	594.6085438	599.6675808
113.5	583.4558141	581.8308114
114	572.1260589	601.1930518
114.5	560.6211288	583.3377326
115	548.9429624	514.4821656
115.5	537.093587	537.6317929
116	525.0751193	602.0257356
116.5	512.8897657	477.621731
117	500.539823	536.1502737
117.5	488.0276787	455.931799
118	475.3558115	472.2916953
118.5	462.5267918	453.886752
119	449.5432817	452.8898315
119.5	436.4080359	437.5433468
120	423.1239012	440.0377031
120.5	409.6938174	416.0720253
121	396.120817	358.4057913
121.5	382.4080256	392.2149651
122	368.558662	372.2515465
122.5	354.5760381	334.2040102
123	340.4635588	306.6197532
123.5	326.2247223	381.8636359
124	311.8631195	363.4204063
124.5	297.3824345	288.9258359
125	282.7864436	258.2894138
125.5	268.0790158	295.5782877
126	253.2641118	257.3256392
126.5	238.3457841	279.358908
127	223.3281765	177.3520408
127.5	208.2155234	216.1383207
128	193.0121494	231.7817823
128.5	177.7224689	169.3278032
129	162.3509849	172.0728374
129.5	146.9022888	117.4686159
130	131.3810595	154.1777067
130.5	115.7920623	134.4730547
131	100.1401483	85.2633537
131.5	84.43025317	59.09636139
132	68.66739644	67.72939484
132.5	52.85668009	-2.754804647
133	37.00328752	-16.9843655
133.5	21.11248232	-27.73130247
134	5.189606947	23.43298673
134.5	-10.75991863	-8.828113896
135	-26.73059837	23.13123638
135.5	-42.71686166	-90.17160244
136	-58.71306489	-31.73228382
136.5	-74.71349307	-81.57295869
137	-90.71236158	-25.79384995
137.5	-106.7038179	-90.64853568
138	-122.6819437	-79.28111103
138.5	-138.6407561	-154.7009225
139	-154.5742106	-99.45078561
139.5	-170.4762025	-169.1248942
140	-186.3405691	-204.3462388
140.5	-202.1610922	-187.5045857
141	-217.9315	-265.7647831
141.5	-233.6454699	-126.7721792
142	-249.2966305	-259.2017215
142.5	-264.8785642	-319.4160929
143	-280.3848101	-370.8650774
143.5	-295.8088662	-309.6828482
144	-311.1441924	-253.6704878
144.5	-326.3842131	-351.9661292
145	-341.5223201	-383.9983047
145.5	-356.5518757	-320.0144602
146	-371.4662154	-353.8171385
146.5	-386.2586512	-297.6207491
147	-400.9224745	-461.2598695
147.5	-415.4509598	-391.4452948
148	-429.8373671	-427.0596997
148.5	-444.0749461	-342.9369475
149	-458.1569391	-548.3858161
149.5	-472.0765846	-491.2505459
150	-485.8271209	-402.6980023
150.5	-499.4017896	-462.3525407
151	-512.793839	-545.7159732
151.5	-525.9965285	-503.0522155
152	-539.0031315	-510.5123458
152.5	-551.8069401	-641.3341938
153	-564.4012683	-578.9516039
153.5	-576.7794561	-573.9175634
154	-588.9348737	-599.9263192
154.5	-600.8609256	-574.9596463
155	-612.5510541	-521.4320309
155.5	-623.9987442	-543.0017438
156	-635.1975274	-604.401281
156.5	-646.1409857	-616.8935628
157	-656.8227565	-643.136166
157.5	-667.2365363	-681.0220271
158	-677.3760853	-661.0484543
158.5	-687.2352321	-572.1683973
159	-696.8078775	-762.0851926
159.5	-706.0879993	-698.653902
160	-715.0696568	-749.7697908
160.5	-723.7469953	-730.1328095
161	-732.1142506	-782.970025
161.5	-740.1657533	-738.3453064
162	-747.8959338	-778.0369053
162.5	-755.2993266	-735.3731298
163	-762.3705751	-784.9282919
163.5	-769.1044358	-812.1319681
164	-775.4957835	-759.537312
164.5	-781.5396152	-791.5906134
165	-787.2310556	-766.0236072
165.5	-792.5653607	-789.7646226
166	-797.5379233	-860.7359401
166.5	-802.144277	-890.8935198
167	-806.3801011	-709.6891711
167.5	-810.2412248	-818.3886032
168	-813.7236322	-893.1616616
168.5	-816.8234666	-748.369061
169	-819.5370347	-739.4602172
169.5	-821.8608116	-866.8622814
170	-823.7914447	-796.6733378
170.5	-825.3257585	-833.1913056
171	-826.4607587	-864.5613343
171.5	-827.1936363	-842.8106393
172	-827.5217722	-763.3087046
172.5	-827.4427413	-828.2153341
173	-826.9543163	-916.0827422
173.5	-826.0544722	-861.0355073
174	-824.7413898	-804.0566702
174.5	-823.01346	-798.1425651
175	-820.8692874	-861.3821577
175.5	-818.3076943	-816.4308437
176	-815.3277239	-734.8746131
176.5	-811.9286443	-842.7471497
177	-808.1099518	-755.243177
177.5	-803.8713741	-844.4674821
178	-799.212874	-772.5777393
178.5	-794.1346521	-799.2190143
179	-788.6371503	-815.2409681
179.5	-782.7210541	-707.9218989
180	-776.387296	-687.8424086
180.5	-769.637058	-720.1479785
181	-762.4717739	-712.7095341
181.5	-754.8931321	-655.0825246
182	-746.9030776	-818.0989846
182.5	-738.5038141	-775.7585912
183	-729.6978064	-646.5521615
183.5	-720.4877815	-802.3944855
184	-710.8767309	-785.7651916
184.5	-700.867912	-742.9663418
185	-690.464849	-650.5730354
185.5	-679.6713346	-607.7021187
186	-668.4914309	-719.0294101
186.5	-656.9294698	-699.1479425
187	-644.9900543	-602.2355979
187.5	-632.6780582	-554.7700817
188	-619.998627	-587.4074468
188.5	-606.9571778	-571.6300428
189	-593.5593988	-607.8032723
189.5	-579.8112496	-633.6523877
190	-565.7189601	-586.1337532
190.5	-551.2890299	-644.6615649
191	-536.5282277	-555.753682
191.5	-521.4435897	-490.1306716
192	-506.0424184	-518.3849735
192.5	-490.332281	-519.1001121
193	-474.3210075	-498.7094576
193.5	-458.0166886	-394.1777514
194	-441.4276738	-483.3977371
194.5	-424.5625683	-428.4570444
195	-407.4302308	-355.4920867
195.5	-390.0397702	-411.1568101
196	-372.4005423	-382.7246594
196.5	-354.5221468	-399.3989019
197	-336.4144233	-348.0176442
197.5	-318.0874473	-303.9704919
198	-299.5515261	-267.3009061
198.5	-280.8171947	-322.5821397
199	-261.8952105	-228.9210053
199.5	-242.796549	-210.2584357
200	-223.5323986	-199.1059878
200.5	-204.1141546	-190.5412353
201	-184.5534144	-171.384712
201.5	-164.8619711	-264.1331627
202	-145.0518075	-123.771792
202.5	-125.1350898	-103.1618439
203	-105.124161	-115.6322027
203.5	-85.03153402	-113.5004744
204	-64.86988451	-168.7140723
204.5	-44.65204378	-56.58831311
205	-24.39099108	-20.78622391
205.5	-4.099845858	23.04140966
206	16.20814023	16.28758607
206.5	36.51959158	45.12919546
207	56.82101711	13.09302709
207.5	77.09881891	126.0003386
208	97.33930115	110.0225346
208.5	117.5286792	37.18424473
209	137.653089	91.49088019
209.5	157.6985964	191.653788
210	177.6512071	234.8294431
210.5	197.4968764	238.9190897
211	217.2215196	191.0216321
211.5	236.8110218	215.6386663
212	256.2512486	226.5946495
212.5	275.5280571	211.0512185
213	294.6273061	316.8236058
213.5	313.5348673	346.106616
214	332.2366365	401.4096431
214.5	350.7185449	404.9504597
215	368.9665703	377.3969771
215.5	386.9667486	394.781222
216	404.7051855	405.9533843
216.5	422.1680685	496.0533678
217	439.3416783	516.7149788
217.5	456.212401	440.9627453
218	472.7667402	529.1932677
218.5	488.9913289	447.6637806
219	504.8729418	502.7715026
219.5	520.3985074	557.4496969
220	535.5551204	421.9475177
220.5	550.3300539	532.4862078
221	564.7107719	561.9477871
221.5	578.6849413	601.4095484
222	592.2404445	595.6959604
222.5	605.3653917	618.3895544
223	618.0481332	585.9139167
223.5	630.2772714	595.7252285
224	642.0416736	677.6788236
224.5	653.3304835	582.4680898
225	664.1331336	636.010965
225.5	674.4393575	753.8507852
226	684.2392011	689.8709101
226.5	693.5230352	783.7605849
227	702.2815666	698.623214
227.5	710.5058498	712.9073987
228	718.1872984	710.4129372
228.5	725.3176965	708.0567217
229	731.8892096	762.3274065
229.5	737.8943953	711.3646242
230	743.3262143	723.5676132
230.5	748.1780406	826.2647393
231	752.4436717	748.3269611
231.5	756.1173388	729.5378532
232	759.1937164	852.5308866
232.5	761.6679314	797.7775972
233	763.5355729	611.0004359
233.5	764.7927004	817.1591698
234	765.4358529	810.9479599
234.5	765.4620566	732.6388729
235	764.8688331	825.8366443
235.5	763.6542068	796.8237845
236	761.8167122	756.1304448
236.5	759.3554004	708.5837818
237	756.2698455	710.3069142
237.5	752.5601509	639.4170026
238	748.2269544	737.8789316
238.5	743.2714338	760.26683
239	737.6953109	743.5533379
239.5	731.5008566	642.8425436
240	724.6908937	769.6513335
240.5	717.268801	708.9186417
241	709.2385154	749.9764011
241.5	700.6045347	802.9518456
242	691.3719191	696.1817453
242.5	681.5462925	651.8841953
243	671.1338431	692.901945
243.5	660.1413239	752.8421312
244	648.576052	647.680713
244.5	636.4459077	636.5641147
245	623.7593331	642.3288476
245.5	610.5253303	703.4797385
246	596.753458	551.4187847
246.5	582.4538291	547.203946
247	567.6371062	465.3883547
247.5	552.3144977	663.0042203
248	536.4977524	469.2091507
248.5	520.199154	530.8023914
249	503.4315149	486.0858361
249.5	486.2081692	572.5960505
250	468.5429653	468.6827787
250.5	450.4502579	472.1047776
251	431.944899	396.6835607
251.5	413.0422289	348.0849659
252	393.7580661	424.0077371
252.5	374.1086966	353.7463465
253	354.1108628	416.5937408
253.5	333.7817519	377.5943013
254	313.1389831	261.4391091
254.5	292.2005949	304.2259101
255	270.9850313	241.1106139
255.5	249.5111276	108.6031863
256	227.7980957	154.5675322
256.5	205.8655085	178.4140747
257	183.7332841	208.6897276
257.5	161.4216692	164.9425035
258	138.951222	82.70666248
258.5	116.3427945	58.42678576
259	93.61751456	-9.296704918
259.5	70.79676673	127.0365604
260	47.9021735	136.2032011
260.5	24.95557537	-33.05423296
261	1.979010643	29.86406416
261.5	-21.00530517	34.99284615
262	-43.97500051	-62.37479133
262.5	-66.90756932	-139.8747715
263	-89.78039299	-150.6784635
263.5	-112.5707627	-128.4762507
264	-135.2559024	-99.06381341
264.5	-157.8129914	-150.0832344
265	-180.2191885	-140.7489632
265.5	-202.451655	-179.7243342
266	-224.4875794	-158.1908685
266.5	-246.3042015	-201.2791222
267	-267.8788367	-171.7106639
267.5	-289.1889012	-262.5793518
268	-310.2119368	-268.5324044
268.5	-330.925636	-454.7210412
269	-351.3078674	-313.1614404
269.5	-371.3367011	-358.4316467
270	-390.9904343	-209.5531208
270.5	-410.2476165	-343.2041096
271	-429.0870757	-344.1009555
271.5	-447.4879433	-505.8048374
272	-465.4296804	-523.5232443
272.5	-482.8921025	-702.1447999
273	-499.8554057	-346.6573789
273.5	-516.3001915	-464.6108135
274	-532.207492	-504.84447
274.5	-547.558795	-424.3973716
275	-562.3360686	-570.9292332
275.5	-576.5217858	-653.3885877
276	-590.0989484	-619.2456494
276.5	-603.0511113	-657.8130723
277	-615.3624056	-620.8859391
277.5	-627.0175621	-596.4070458
278	-638.0019335	-748.8959414
278.5	-648.3015173	-618.2378804
279	-657.9029771	-617.5399859
279.5	-666.7936637	-626.6655495
280	-674.9616365	-554.0500555
280.5	-682.3956828	-631.7250201
281	-689.0853376	-883.0194624
281.5	-695.0209025	-672.7554404
282	-700.1934638	-712.6165721
282.5	-704.5949096	-680.9955383
283	-708.217947	-855.6312395
283.5	-711.0561172	-715.6240044
284	-713.1038113	-696.3210237
284.5	-714.356284	-751.9189442
285	-714.8096673	-635.4579337
285.5	-714.4609824	-725.3224765
286	-713.3081517	-773.1279662
286.5	-711.350009	-651.4424871
287	-708.586309	-558.7511133
287.5	-705.0177361	-684.5836056
288	-700.6459116	-696.2728976
288.5	-695.4734	-720.3008595
289	-689.5037147	-623.1998924
289.5	-682.7413219	-794.9317185
290	-675.1916436	-700.2968205
290.5	-666.8610597	-604.0273544
291	-657.7569088	-668.190445
291.5	-647.8874873	-556.9619349
292	-637.2620484	-579.3120348
292.5	-625.8907986	-636.8496126
293	-613.7848939	-640.7578442
293.5	-600.9564344	-556.7240077
294	-587.4184578	-552.6536887
294.5	-573.1849311	-517.5478659
295	-558.270742	-492.1042313
295.5	-542.6916879	-603.3079265
296	-526.4644648	-364.5790749
296.5	-509.6066538	-385.4234463
297	-492.1367069	-514.5186607
297.5	-474.0739317	-597.1541982
298	-455.4384742	-603.6545938
298.5	-436.251301	-248.6650903
299	-416.5341796	-356.8632322
299.5	-396.309658	-462.3175537
300	-375.6010426	-450.0878705
300.5	-354.4323752	-204.1993381
301	-332.8284085	-446.6297423
301.5	-310.8145807	-164.0021128
302	-288.4169886	-238.4168235
302.5	-265.6623596	-207.1078417
303	-242.5780229	-267.0362615
303.5	-219.191879	-145.1862697
304	-195.5323687	-197.4294663
304.5	-171.6284404	-154.6287884
305	-147.509517	-40.42344256
305.5	-123.2054614	-193.6356767
306	-98.74654105	-94.47428162
306.5	-74.16339172	-296.7334886
307	-49.48698031	60.59319441
307.5	-24.74856675	-34.22594148
308	0.020334863	177.9679647
308.5	24.78799589	31.81420322
309	49.52251355	143.2176922
309.5	74.19185195	-53.60337626
310	98.76388375	127.7250957
310.5	123.2064325	59.36810258
311	147.4873152	141.1776933
311.5	171.574386	168.3552015
312	195.4355793	217.8988718
312.5	219.0389542	185.0262146
313	242.3527387	148.8113596
313.5	265.3453744	287.7320475
314	287.9855608	186.940221
314.5	310.2423009	377.8134041
315	332.0849456	405.6591372
315.5	353.4832387	439.0874363
316	374.4073619	497.3228537
316.5	394.8279793	319.4113136
317	414.7162822	474.1593651
317.5	434.0440331	452.640261
318	452.7836095	463.1968745
318.5	470.9080476	523.973019
319	488.3910851	350.9024847
319.5	505.2072037	419.688182
320	521.331671	616.0036816
320.5	536.7405814	439.4403959
321	551.4108965	514.9328093
321.5	565.3204848	537.2898711
322	578.4481602	635.5151778
322.5	590.7737195	593.651312
323	602.2779791	668.4795463
323.5	612.9428106	548.208751
324	622.7511749	637.9152943
324.5	631.6871556	682.9517302
325	639.7359902	568.5718252
325.5	646.8841009	760.7081796
326	653.1191237	589.5090101
326.5	658.4299351	628.1486016
327	662.8066786	705.7673938
327.5	666.2407889	703.5552876
328	668.7250143	492.3422182
328.5	670.2534372	708.0145206
329	670.8214938	744.2055213
329.5	670.4259909	695.0776425
330	669.0651212	790.7748148
330.5	666.7384767	502.2637329
331	663.44706	683.0760111
331.5	659.1932938	695.5448843
332	653.9810279	595.3750565
332.5	647.8155446	569.7824287
333	640.7035615	649.9538012
333.5	632.6532325	705.3002646
334	623.6741465	637.2569744
334.5	613.7773235	469.835711
335	602.975209	636.8517735
335.5	591.2816657	560.8845435
336	578.7119633	597.6063452
336.5	565.2827659	828.6156318
337	551.0121165	518.7837806
337.5	535.9194202	840.1392352
338	520.0254244	551.3464743
338.5	503.3521969	533.5928765
339	485.9231014	554.4958246
339.5	467.7627714	444.3927759
340	448.8970814	405.6748256
340.5	429.3531155	538.0782691
341	409.1591343	443.9505367
341.5	388.3445395	533.1152522
342	366.9398362	496.2597145
342.5	344.9765931	312.0195242
343	322.4874005	308.7540334
343.5	299.5058265	300.5687209
344	276.0663711	247.541813
344.5	252.2044179	409.1327972
345	227.9561847	263.3775358
345.5	203.3586717	242.4775388
346	178.4496079	181.2622905
346.5	153.2673961	290.6682028
347	127.8510563	38.98460214
347.5	102.2401668	26.8093385
348	76.47480497	229.5671301
348.5	50.59548552	-95.73730941
349	24.64309828	-19.08412862
349.5	-1.341155749	-93.16062542
350	-27.31582927	-63.79148336
350.5	-53.23929462	172.975858
351	-79.06981068	-261.5624413
351.5	-104.7655906	-72.91242939
352	-130.2848701	-100.6162986
352.5	-155.5859767	-72.63155021
353	-180.6273994	-35.02806715
353.5	-205.3678581	-99.87146375
354	-229.7663744	-211.3115866
354.5	-253.7823418	-342.3950043
355	-277.3755959	-257.4674175
355.5	-300.506485	-248.4871212
356	-323.1359403	-71.33223924
356.5	-345.2255454	-198.1789819
357	-366.7376058	-332.8755777
357.5	-387.6352175	-500.2432437
358	-407.8823356	-421.8889404
358.5	-427.4438405	-411.658021
359	-446.2856052	-455.7736181
359.5	-464.3745597	-532.9880106
360	-481.6787551	-386.914275
360.5	-498.1674261	-379.967392
361	-513.8110524	-511.737299
361.5	-528.5814176	-342.9725601
362	-542.4516674	-523.4213377
362.5	-555.3963652	-484.5731526
363	-567.3915461	-700.7409657
363.5	-578.4147686	-480.8854675
364	-588.4451642	-633.0178929
364.5	-597.4634847	-444.0649927
365	-605.4521472	-523.763665
365.5	-612.3952757	-498.9177832
366	-618.2787414	-872.4001508
366.5	-623.0901991	-484.1492974
367	-626.8191215	-633.5284989
367.5	-629.4568298	-744.0232458
368	-630.996522	-616.6113375
368.5	-631.4332976	-772.6894494
369	-630.7641791	-588.1775334
369.5	-628.9881308	-786.2762037
370	-626.1060732	-536.6089397
370.5	-622.1208947	-612.4996593
371	-617.0374601	-646.705047
371.5	-610.8626144	-702.7380869
372	-603.6051844	-599.8453249
372.5	-595.2759754	-501.4518642
373	-585.8877653	-590.8248693
373.5	-575.4552944	-336.8011881
374	-563.9952512	-690.7067658
374.5	-551.5262557	-414.6538169
375	-538.0688373	-622.5939269
375.5	-523.6454103	-499.6998688
376	-508.280245	-607.9736143
376.5	-491.999435	-423.0351244
377	-474.8308614	-205.8137381
377.5	-456.8041527	-410.8946846
378	-437.9506413	-345.2217276
378.5	-418.3033164	-410.3253886
379	-397.8967736	-280.9090978
379.5	-376.76716	-277.3506184
380	-354.9521177	-403.8949896
380.5	-332.4907218	-457.3800364
381	-309.4234171	-237.4959852
381.5	-285.7919501	-397.1459039
382	-261.6392988	-367.7200083
382.5	-237.0095992	-418.1645172
383	-211.9480692	-183.0945632
383.5	-186.5009289	-293.439375
384	-160.7153199	-257.060251
384.5	-134.63922	-166.7203281
385	-108.3213576	-72.54396489
385.5	-81.81112229	-65.98724117
386	-55.15847451	-329.1630022
386.5	-28.4138525	98.56291382
387	-1.628077989	-183.0327309
387.5	25.14773985	40.8219828
388	51.86230177	-8.429207311
388.5	78.46421715	-116.9881271
389	104.9021035	96.48450676
389.5	131.1246873	164.4901062
390	157.0809045	44.74395869
390.5	182.7200028	86.58545576
391	207.9916431	150.4920809
391.5	232.8460012	277.4504118
392	257.2338702	237.4588231
392.5	281.106761	249.2029404
393	304.4170036	488.0700907
393.5	327.1178468	598.692903
394	349.1635574	483.5212228
394.5	370.5095176	420.5258853
395	391.1123217	351.5544172
395.5	410.9298703	230.0799047
396	429.9214635	447.7429844
396.5	448.0478912	504.6759178
397	465.2715218	394.3994469
397.5	481.5563883	363.2207422
398	496.8682711	431.0550589
398.5	511.1747785	537.7998309
399	524.4454241	461.4185233
399.5	536.6517007	459.5836277
400	547.7671504	319.7032051
400.5	557.7674322	501.2610855
401	566.6303839	696.5222088
401.5	574.336082	378.9468682
402	580.866896	623.2745614
402.5	586.2075387	609.1050582
403	590.3451124	699.1690375
403.5	593.26915	601.5752753
404	594.9716515	781.0697618
404.5	595.4471158	662.7061468
405	594.6925668	525.3185111
405.5	592.7075754	521.5260291
406	589.4942754	481.5595692
406.5	585.0573742	444.8029368
407	579.4041587	671.3847203
407.5	572.5444952	642.1411996
408	564.4908235	368.1771759
408.5	555.2581464	393.2398239
409	544.8640129	404.9944352
409.5	533.3284955	587.5001505
410	520.6741628	437.7443106
410.5	506.9260458	391.3760543
411	492.1115987	532.308191
411.5	476.260654	370.5627436
412	459.4053729	492.6375366
412.5	441.5801886	153.5597537
413	422.8217461	185.8738178
413.5	403.168835	376.6449514
414	382.6623184	280.2684036
414.5	361.3450554	268.1020235
415	339.2618198	422.6236373
415.5	316.459213	210.5243782
416	292.9855727	408.1605772
416.5	268.8908768	571.3167516
417	244.2266432	67.57835458
417.5	219.0458245	75.46396223
418	193.4027	-106.2982321
418.5	167.3527629	266.1240542
419	140.9526039	281.7543325
419.5	114.2597923	-22.87870667
420	87.33275268	-71.74994144
420.5	60.23064002	165.1524655
421	33.01321106	-3.573101357
421.5	5.740693989	-47.20426434
422	-21.5263442	154.6518987
422.5	-48.72713211	-295.0874528
423	-75.80082989	-22.27030393
423.5	-102.6866664	-194.4113413
424	-129.324077	-99.32001761
424.5	-155.6528427	-278.6696739
425	-181.6132287	-200.1871557
425.5	-207.146123	-50.59708469
426	-232.1931758	-173.2402789
426.5	-256.6969362	-153.9676702
427	-280.6009901	-201.2016794
427.5	-303.8500947	-304.4819355
428	-326.3903127	-369.2430824
428.5	-348.1691444	-163.2912465
429	-369.1356561	-277.7325593
429.5	-389.2406079	-477.4305781
430	-408.4365768	-489.673529
430.5	-426.6780772	-619.2421559
431	-443.9216778	-572.8593092
431.5	-460.1261142	-402.0459339
432	-475.2523978	-639.0107103
432.5	-489.2639192	-343.8409319
433	-502.126548	-581.8980042
433.5	-513.8087263	-654.1427114
434	-524.2815575	-525.1528251
434.5	-533.5188891	-689.7531597
435	-541.4973896	-433.452377
435.5	-548.1966195	-625.1581941
436	-553.5990956	-797.162747
436.5	-557.6903486	-606.5197415
437	-560.4589741	-593.3579293
437.5	-561.8966766	-590.9307122
438	-561.9983063	-1044.814832
438.5	-560.761888	-530.8843536
439	-558.1886435	-557.6875251
439.5	-554.2830057	-651.4329746
440	-549.0526252	-578.7766418
440.5	-542.5083686	-113.6796656
441	-534.6643101	-346.3138341
441.5	-525.5377139	-595.7736831
442	-515.1490094	-441.5762398
442.5	-503.521758	-461.8030132
443	-490.6826122	-442.1817757
443.5	-476.6612669	-499.4550431
444	-461.4904024	-563.1788506
444.5	-445.2056197	-439.1934552
445	-427.8453684	-549.7186429
445.5	-409.4508664	-200.4331575
446	-390.0660129	-374.4519304
446.5	-369.7372931	-485.7789841
447	-348.5136766	-92.85148699
447.5	-326.4465082	-430.0418512
448	-303.5893925	-241.2615304
448.5	-279.9980713	-226.810415
449	-255.7302955	-209.1354298
449.5	-230.8456904	-161.7056268
450	-205.4056151	-201.1606915
450.5	-179.4730177	-48.61545821
451	-153.1122838	-204.4895483
451.5	-126.3890815	-62.05257584
452	-99.3702011	-269.4437131
452.5	-72.12339184	2.186295647
453	-44.71719388	26.86593696
453.5	-17.22076784	69.23515398
454	10.29627878	48.28509607
454.5	37.76406753	-186.0753421
455	65.11262687	89.60386108
455.5	92.27207147	185.4401717
456	119.1727827	214.7534502
456.5	145.7455894	137.8871251
457	171.9219495	243.188892
457.5	197.6341298	209.7298511
458	222.815387	319.6653229
458.5	247.4001452	704.9315571
459	271.3241734	499.4309353
459.5	294.5247594	311.9508833
460	316.9408819	209.7712758
460.5	338.5133784	176.5378748
461	359.1851105	558.9368853
461.5	378.9011236	381.3535173
462	397.6088031	324.3466452
462.5	415.258025	461.0838001
463	431.8013007	391.4204424
463.5	447.1939161	651.9249603
464	461.3940643	564.9215306
464.5	474.3629709	490.529589
465	486.0650126	512.6796773
465.5	496.467828	526.6231055
466	505.54242	571.4116837
466.5	513.2632504	583.1923057
467	519.6083253	471.2993496
467.5	524.5592718	568.6900436
468	528.1014052	669.0434259
468.5	530.2237868	253.8166785
469	530.9192719	419.8911945
469.5	530.1845472	689.9525812
470	528.020159	738.1204906
470.5	524.43053	622.982676
471	519.4239664	279.2295622
471.5	513.0126538	295.6403652
472	505.2126426	413.8030702
472.5	496.0438225	497.7679237
473	485.5298865	445.663381
473.5	473.698284	663.7597695
474	460.5801629	129.6389988
474.5	446.2103011	887.4558823
475	430.6270281	575.7902879
475.5	413.8721351	114.79456
476	395.9907756	562.4836051
476.5	377.0313554	603.4398101
477	357.0454133	278.0273155
477.5	336.0874917	359.0419532
478	314.2149984	194.4786567
478.5	291.4880584	24.02145349
479	267.9693584	569.5812106
479.5	243.723982	225.0019134
480	218.8192374	9.983258311
480.5	193.3244775	281.2827501
481	167.3109132	-114.8476462
481.5	140.8514202	215.4891271
482	114.020339	221.7966333
482.5	86.89327103	234.5246787
483	59.5468678	-42.99747241
483.5	32.05861734	181.6062659
484	4.506625976	274.1926176
484.5	-23.03060289	280.1180725
485	-50.47439257	279.6027724
485.5	-77.7461188	156.5578664
486	-104.7674368	69.54963853
486.5	-131.4605092	-562.0222527
487	-157.7482333	-197.0124445
487.5	-183.5544684	-155.434304
488	-208.8042616	-402.9574444
488.5	-233.4240711	-344.9100717
489	-257.3419874	-210.7245163
489.5	-280.4879506	-127.8437883
490	-302.7939642	-457.3212303
490.5	-324.1943036	-143.4791931
491	-344.6257199	-226.5631001
491.5	-364.0276366	-85.36664288
492	-382.342341	-460.2169066
492.5	-399.515167	-235.2536649
493	-415.4946712	-582.6023413
493.5	-430.2327993	-497.8124185
494	-443.6850442	-620.5142156
494.5	-455.8105946	-364.9446901
495	-466.5724728	-564.8823966
495.5	-475.9376624	-682.3373884
496	-483.8772247	-368.7455263
496.5	-490.3664035	-347.1028782
497	-495.3847178	-312.1212063
497.5	-498.9160428	-739.829454
498	-500.9486772	-579.5855171
498.5	-501.4753983	-618.5504269
499	-500.4935037	-476.4783621
499.5	-498.0048389	-463.6253598
500	-494.015812	-432.4623038
500.5	-488.5373942	-561.4444787
501	-481.5851058	-461.4166081
501.5	-473.1789895	-777.4000374
502	-463.343568	-274.44534
502.5	-452.1077888	-225.1170732
503	-439.5049546	-322.9806037
503.5	-425.5726395	-49.25873629
504	-410.3525919	-515.1311674
504.5	-393.8906237	-216.204695
505	-376.2364864	-636.1829458
505.5	-357.4437337	-437.6696455
506	-337.5695718	-252.9103837
506.5	-316.6746974	-459.0703194
507	-294.8231238	-292.5576513
507.5	-272.081995	-226.9128961
508	-248.52139	-179.5594092
508.5	-224.2141152	-669.575418
509	-199.2354884	-211.7123065
509.5	-173.6631126	39.03223537
510	-147.5766416	-220.0804096
510.5	-121.0575377	-272.5342971
511	-94.18882184	36.24627991
511.5	-67.05481819	-68.31729495
512	-39.74089188	-210.3642007
512.5	-12.33318277	45.11984325
513	15.0816653	356.0701798
513.5	42.41677831	-267.9117896
514	69.5853283	32.73963869
514.5	96.50081105	343.1816849
515	123.0773244	-211.6636566
515.5	149.2298463	91.57506008
516	174.8745116	185.9754984
516.5	199.9288866	474.8133722
517	224.3122411	559.4345665
517.5	247.9458157	186.4956562
518	270.7530853	60.94392661
518.5	292.6600155	23.45956069
519	313.595314	471.5368472
519.5	333.4906731	747.6850474
520	352.2810046	277.9306722
520.5	369.9046655	728.0072976
521	386.3036733	339.604082
521.5	401.4239107	712.86874
522	415.215319	297.6978795
522.5	427.6320791	408.1596966
523	438.632779	787.72304
523.5	448.1805686	366.828999
524	456.2432993	378.6214073
524.5	462.7936497	596.0741101
525	467.809235	262.3796707
525.5	471.2727017	529.7710328
526	473.1718047	-52.58715224
526.5	473.4994688	617.0579901
527	472.2538328	623.3107074
527.5	469.4382764	670.4357544
528	465.0614296	458.2970554
528.5	459.1371643	698.0298277
529	451.6845688	101.7358223
529.5	442.7279037	539.7471338
530	432.2965403	189.7190272
530.5	420.4248818	-131.1272171
531	407.1522662	277.23303
531.5	392.5228526	487.5985288
532	376.5854895	266.0897413
532.5	359.3935675	176.6352106
533	341.0048546	315.1621895
533.5	321.4813163	128.1802553
534	300.8889197	-54.96381725
534.5	279.2974232	23.02037249
535	256.780152	521.1830161
535.5	233.4137595	387.3861335
536	209.2779764	-119.0221346
536.5	184.4553477	-221.6810552
537	159.0309582	196.9363304
537.5	133.092148	160.4661677
538	106.7282183	124.263526
538.5	80.03012901	125.2931867
539	53.09018862	238.3970171
539.5	26.00173794	68.63636752
540	-1.141171665	-586.8874682
540.5	-28.24410433	-49.55270839
541	-55.21256873	370.7334279
541.5	-81.95234924	-570.2124655
542	-108.3698379	-92.54643541
542.5	-134.3723658	27.49167806
543	-159.8685336	6.883908883
543.5	-184.7685385	-105.4926931
544	-208.9844976	77.87909562
544.5	-232.4307668	152.8122473
545	-255.0242525	57.52201345
545.5	-276.6847165	-741.5242896
546	-297.335072	-388.1326262
546.5	-316.9016702	-630.3517585
547	-335.3145758	-418.9032266
547.5	-352.507831	-667.6869483
548	-368.4197064	-397.7400506
548.5	-382.9929375	-450.9167706
549	-396.1749477	242.6026351
549.5	-407.9180541	-386.965134
550	-418.1796573	-567.3138892
550.5	-426.9224139	-1055.107286
551	-434.1143907	-220.1221726
551.5	-439.7291998	-222.6550086
552	-443.7461146	-638.5169281
552.5	-446.1501652	-493.3550872
553	-446.9322141	-161.879145
553.5	-446.0890099	-462.1448468
554	-443.6232204	-697.6680106
554.5	-439.5434441	-639.371891
555	-433.8641997	-722.5847871
555.5	-426.6058937	-562.2656503
556	-417.7947662	-484.4571522
556.5	-407.4628147	-800.9130721
557	-395.6476969	-323.7680108
557.5	-382.3926106	-580.9730156
558	-367.7461537	-666.6913299
558.5	-351.7621628	-288.6030208
559	-334.4995316	-807.9540298
559.5	-316.0220089	-276.326782
560	-296.3979787	-702.1679246
560.5	-275.7002203	-449.4189554
561	-254.0056518	-258.9933617
561.5	-231.3950561	-115.5412413
562	-207.9527914	259.8234885
562.5	-183.7664862	-294.2316854
563	-158.9267212	-202.4419707
563.5	-133.5266974	-432.2810364
564	-107.6618935	41.47227837
564.5	-81.42971261	-93.38872118
565	-54.92911939	-161.7259626
565.5	-28.2602703	-64.59031327
566	-1.524136763	-144.4381916
566.5	25.17787641	-54.09164263
567	51.74431619	-87.59134971
567.5	78.07406865	35.71444276
568	104.0667469	-120.4424277
568.5	129.623078	573.4819272
569	154.6452879	-2.212776007
569.5	179.0374822	289.3273726
570	202.7060216	251.4720615
570.5	225.5598902	494.9816442
571	247.5110563	202.2646706
571.5	268.4748224	323.4317843
572	288.3701647	586.6604467
572.5	307.1200595	-123.0647215
573	324.6517957	506.6401862
573.5	340.8972723	36.15416052
574	355.793279	217.8857048
574.5	369.281759	677.08951
575	381.310053	950.8401559
575.5	391.8311232	76.03541199
576	400.8037562	445.5687
576.5	408.1927435	834.1603351
577	413.9690402	861.2126912
577.5	418.1098989	740.0415582
578	420.5989802	783.3361341
578.5	421.4264376	292.0878661
579	420.5889777	666.2227077
579.5	418.0898941	206.2801435
580	413.9390752	305.3273614
580.5	408.1529863	647.7684049
581	400.7546242	316.7892259
581.5	391.7734468	951.9983572
582	381.2452754	56.15242532
582.5	369.2121711	778.3233752
583	355.7222863	386.6294278
583.5	340.8296897	512.5152318
584	324.5941677	426.1769571
584.5	307.0810012	620.7930083
585	288.3607191	285.633544
585.5	268.5088295	78.0862415
586	247.6055295	684.6598177
586.5	225.7353941	133.4639888
587	202.9870466	88.3762816
587.5	179.4528101	86.5926003
588	155.2283428	158.4308992
588.5	130.4122579	-316.4457843
589	105.1057293	8.844494146
589.5	79.41208539	75.11844082
590	53.4363916	189.3895244
590.5	27.28502448	-258.6264087
591	1.065237933	-245.2369197
591.5	-25.11527601	-189.0080322
592	-51.14883022	-28.64490307
592.5	-76.92818754	-398.8709034
593	-102.347006	-43.80719278
593.5	-127.3002824	-563.3888254
594	-151.6847921	-608.9456642
594.5	-175.399524	174.7134903
595	-198.3461073	37.45446475
595.5	-220.4292301	2.200619098
596	-241.5570464	300.5015953
596.5	-261.6415708	-114.8863146
597	-280.5990584	-412.1864642
597.5	-298.3503691	-127.3327595
598	-314.8213133	-611.6213552
598.5	-329.9429791	-600.1413698
599	-343.6520381	-301.8495136
599.5	-355.8910294	-134.9957494
600	-366.6086192	59.66145471
600.5	-375.7598361	-829.8137151
601	-383.3062806	-859.2982857
601.5	-389.2163071	-535.057437
602	-393.4651776	-21.98633795
602.5	-396.0351874	-526.5888745
603	-396.9157608	-482.6522788
603.5	-396.1035161	162.8828923
604	-393.6023014	143.9498195
604.5	-389.423198	-419.9249642
605	-383.5844933	-431.5115443
605.5	-376.1116232	-521.8706538
606	-367.0370818	-393.89394
606.5	-356.4003015	-198.3423271
607	-344.2475023	-378.2634197
607.5	-330.6315103	-624.2468271
608	-315.6115474	-312.6574197
608.5	-299.2529924	-903.5524734
609	-281.6271131	-122.0898216
609.5	-262.8107733	319.0749347
610	-242.8861122	-322.7148715
610.5	-221.9402012	-133.8680238
611	-200.0646758	-3.944487755
611.5	-177.3553473	-342.2838901
612	-153.9117938	-954.163689
612.5	-129.8369329	-513.2008665
613	-105.2365783	-53.56974161
613.5	-80.21898115	293.7746154
614	-54.89435896	-43.26760886
614.5	-29.37441393	-475.9001885
615	-3.771842509	69.88263706
615.5	21.8001615	-203.2746599
616	47.22840811	-50.8628848
616.5	72.40021435	-188.2085135
617	97.20390738	193.5359304
617.5	121.5293251	730.3342047
618	145.2683122	-607.096729
618.5	168.315209	173.6362758
619	190.5673315	282.6542202
619.5	211.9254395	650.4724309
620	232.2941919	316.9699202
620.5	251.5825854	345.6661729
621	269.7043759	-15.50592198
621.5	286.5784803	750.5612763
622	302.129356	965.9518909
622.5	316.287357	-439.3933422
623	328.9890652	-469.928492
623.5	340.1775936	-32.00230305
624	349.8028623	862.9858758
624.5	357.8218433	824.5424765
625	364.1987748	779.6601522
625.5	368.9053429	231.9607283
626	371.9208299	276.5755114
626.5	373.2322285	853.5922967
627	372.8343203	206.3619195
627.5	370.7297198	310.4678544
628	366.9288818	502.4718312
628.5	361.4500725	433.7250024
629	354.3193048	564.3584135
629.5	345.5702373	-3.695142912
630	335.2440374	577.3555532
630.5	323.389209	200.4430571
631	310.0613851	17.89837374
631.5	295.3230873	-255.3600489
632	279.2434509	785.3825265
632.5	261.8979193	-56.92025644
633	243.3679066	-78.34644853
633.5	223.7404317	-349.8920039
634	203.1077247	459.5177411
634.5	181.5668061	420.6262034
635	159.2190438	93.29037667
635.5	136.1696861	83.6054164
636	112.5273754	-240.3976173
636.5	88.40364426	0.704218205
637	63.91239515	-213.5856337
637.5	39.16936752	232.6882852
638	14.29159383	518.6287452
638.5	-10.60315249	28.75832474
639	-35.39691474	8.889615237
639.5	-59.97211367	-335.2571987
640	-84.21210845	103.963405
640.5	-108.0017553	35.86574203
641	-131.2279612	41.62811583
641.5	-153.7802294	-809.5887699
642	-175.551195	16.96758472
642.5	-196.4371473	222.0486015
643	-216.3385362	287.2156352
643.5	-235.1604612	-268.0802667
644	-252.8131385	-102.3869276
644.5	-269.2123465	2.445325896
645	-284.2798447	-621.9222201
645.5	-297.9437664	85.92583611
646	-310.1389806	-1065.450069
646.5	-320.8074235	-1340.301061
647	-329.898396	-849.9029923
647.5	-337.3688273	-709.6267566
648	-343.1835009	299.6569305
648.5	-347.3152442	72.3587437
649	-349.7450787	191.6676026
649.5	-350.4623309	-467.4492531
650	-349.4647023	-380.4597598
650.5	-346.758299	-283.0912139
651	-342.3576196	155.0822567
651.5	-336.2855022	-280.2073394
652	-328.573029	-571.5349487
652.5	-319.2593908	-357.8822116
653	-308.3917104	-878.6350253
653.5	-296.0248255	-946.3159879
654	-282.221034	-55.03506138
654.5	-267.0497994	280.9226134
655	-250.5874207	-14.18973678
655.5	-232.9166666	-596.5895792
656	-214.1263765	-197.5846197
656.5	-194.3110289	-769.9207534
657	-173.5702807	612.2224852
657.5	-152.0084791	-349.1685736
658	-129.7341472	268.9472266
658.5	-106.8594483	993.5102264
659	-83.49962828	-736.9856298
659.5	-59.7724423	-282.5380197
660	-35.79756536	-80.63495822
660.5	-11.69599201	228.9478681
661	12.41057305	423.7630255
661.5	36.40032989	-431.8278004
662	60.15200094	-769.2361531
662.5	83.54544795	831.2291073
663	106.4622853	23.63076607
663.5	128.7864862	-193.9976464
664	150.4049795	-488.2526164
664.5	171.2082322	68.0151179
665	191.0908174	502.0388585
665.5	209.9519614	507.3434559
666	227.6960698	-32.8218353
666.5	244.2332284	278.0378789
667	259.4796765	109.9251566
667.5	273.3582497	413.9686655
668	285.7987904	306.3778169
668.5	296.7385237	-2.465375808
669	306.1223953	-410.9786422
669.5	313.9033713	563.6002305
670	320.042697	371.4334203
670.5	324.5101136	19.15581585
671	327.2840308	-195.1324106
671.5	328.3516556	688.2632994
672	327.7090747	362.2090708
672.5	325.3612912	352.4410449
673	321.3222146	544.001211
673.5	315.6146039	418.317472
674	308.2699642	714.2969082
674.5	299.3283968	118.8318982
675	288.8384037	196.1581139
675.5	276.8566468	583.1366965
676	263.4476639	422.1130971
676.5	248.6835414	613.5662395
677	232.6435465	722.7726274
677.5	215.4137199	1153.382727
678	197.0864312	44.03419433
678.5	177.7598997	874.9869263
679	157.5376818	-387.5385628
679.5	136.5281292	-59.09385044
680	114.8438192	-275.4276335
680.5	92.60096082	596.8604616
681	69.91877969	-277.8675012
681.5	46.91888497	-219.9834035
682	23.7246214	-379.7485025
682.5	0.46041009	-452.0029759
683	-22.74891845	418.9820139
683.5	-45.77879551	1093.387284
684	-68.50558599	-531.5377389
684.5	-90.80725716	-1005.582268
685	-112.5640408	-183.6522415
685.5	-133.6590847	34.48404069
686	-153.9790912	-788.7475824
686.5	-173.4149369	221.0991596
687	-191.8622724	-61.25462756
687.5	-209.2220981	-336.0943359
688	-225.4013112	-1262.675532
688.5	-240.3132234	-183.9436081
689	-253.8780442	-1100.151159
689.5	-266.0233278	-1257.158716
690	-276.6843819	-439.5208632
690.5	-285.8046337	-713.6208529
691	-293.335953	-494.7466887
691.5	-299.2389302	-253.0337455
692	-303.4831057	-1296.333878
692.5	-306.0471518	556.8547822
693	-306.9190036	102.5704842
693.5	-306.0959397	863.4314628
694	-303.5846106	538.1181042
694.5	-299.4010158	-822.2993262
695	-293.5704282	-194.9136931
695.5	-286.1272672	-300.5910805
696	-277.1149199	-381.8399502
696.5	-266.5855124	-1185.840633
697	-254.5996306	-686.6762039
697.5	-241.225994	-255.0047516
698	-226.5410818	19.24752107
698.5	-210.6287158	-143.5069122
699	-193.5795994	262.7856028
699.5	-175.490818	31.34101815
700	-156.4653006	-390.99271
700.5	-136.6112485	-360.1374806
701	-116.0415314	-29.2767106
701.5	-94.87305619	-523.229209
702	-73.22611095	-183.3917895
702.5	-51.22368796	-194.1328058
703	-28.99078962	740.0194226
703.5	-6.653721121	154.80086
704	15.66062624	-144.5489948
704.5	37.8254969	-465.352227
705	59.71499403	-433.5695613
705.5	81.2047995	-421.71109
706	102.1728866	609.662816
706.5	122.5002216	-68.10949703
707	142.0714497	166.2130604
707.5	160.7755618	-621.5020785
708	178.5065381	994.9312265
708.5	195.1639638	-43.87966669
709	210.6536152	40.9097211
709.5	224.8880102	-636.7072966
710	237.7869224	-623.9400462
710.5	249.2778532	469.9526754
711	259.2964615	777.2851485
711.5	267.7869459	466.8947073
712	274.7023789	333.1795847
712.5	280.00499	84.61803927
713	283.666396	481.6408914
713.5	285.6677771	268.3186797
714	285.9999974	511.0820484
714.5	284.6636691	-172.8309387
715	281.6691598	513.1685365
715.5	277.036542	101.9200851
716	270.7954858	473.2487608
716.5	262.9850952	244.4464375
717	253.6536874	380.6849409
717.5	242.8585183	493.364223
718	230.6654536	335.3372348
718.5	217.1485887	376.4927663
719	202.3898188	-165.6954717
719.5	186.4783617	59.06189449
720	169.510236	300.3685301
720.5	151.5876974	-460.8434211
721	132.8186372	135.9782112
721.5	113.3159448	-143.9741741
722	93.19684008	-374.8321874
722.5	72.58217728	536.707138
723	51.5957262	-463.3766185
723.5	30.36343411	46.02367365
724	9.012672918	816.7604628
724.5	-12.32852387	-75.46143829
725	-33.53222987	-679.1033023
725.5	-54.47139564	49.64751141
726	-75.02061479	733.9443423
726.5	-95.05688196	383.017846
727	-114.4603379	39.78526687
727.5	-133.1149968	-1063.263783
728	-150.9094526	90.73400866
728.5	-167.7375574	-3.371824151
729	-183.4990714	-1232.07632
729.5	-198.1002763	-540.6024927
730	-211.4545512	-113.3271983
730.5	-223.4829068	450.7710533
731	-234.114473	82.5148266
731.5	-243.2869384	342.793276
732	-250.9469385	-362.8881333
732.5	-257.050389	-754.8975288
733	-261.5627639	-465.4025493
733.5	-264.4593141	1059.693457
734	-265.7252273	-377.0602478
734.5	-265.3557263	6.622739696
735	-263.3561056	576.3468343
735.5	-259.7417058	631.0605904
736	-254.5378264	123.7107939
736.5	-247.7795753	-471.6933271
737	-239.5116587	-781.4932626
737.5	-229.7881095	-204.350736
738	-218.6719582	-580.6699915
738.5	-206.2348468	-1387.049561
739	-192.5565874	-393.1851451
739.5	-177.7246707	-995.2581812
740	-161.8337234	7.35750977
740.5	-144.9849219	989.6895956
741	-127.2853619	-325.6307023
741.5	-108.8473916	-417.5651253
742	-89.78790889	80.83103087
742.5	-70.22762973	83.4701837
743	-50.29033072	-963.4186079
743.5	-30.102071	65.95250178
744	-9.790398261	265.6246767
744.5	10.51645595	441.3398352
745	30.69038682	-941.5321467
745.5	50.60422747	494.1083798
746	70.13255562	-629.1069395
746.5	89.1524906	-577.6196711
747	107.5444755	1264.9457
747.5	125.1930398	-421.8306691
748	141.9875367	441.9755747
748.5	157.8228511	-303.1377778
749	172.6000741	-981.0985566
749.5	186.2271375	-304.5509413
750	198.6194066	-32.17036835
750.5	209.700226	769.9260054
751	219.4014147	25.69803524
751.5	227.6637075	-208.5183725
752	234.4371401	93.72328732
752.5	239.6813741	-110.5084369
753	243.365961	189.8346936
753.5	245.470542	-268.0646585
754	245.9849832	749.7708687
754.5	244.9094444	636.3145365
755	242.2543812	205.0717898
755.5	238.0404806	555.4932653
756	232.2985287	-246.8387642
756.5	225.0692139	233.1269979
757	216.4028638	154.3184663
757.5	206.3591195	145.6782466
758	195.0065483	-809.9373127
758.5	182.422197	32.15034999
759	168.6910895	890.7229525
759.5	153.9056706	337.3667064
760	138.1652006	766.2297117
760.5	121.5751042	-262.0427756
761	104.2462778	-588.5114931
761.5	86.29435893	365.5988789
762	67.8389648	-256.1509791
762.5	49.00290204	407.5763777
763	29.911355	-776.995086
763.5	10.69105697	854.4100073
764	-8.5305501	569.2114431
764.5	-27.6261616	-994.9863911
765	-46.46945654	455.2110878
765.5	-64.93593838	344.8221692
766	-82.90376477	219.0449469
766.5	-100.2545606	-653.0320253
767	-116.8742091	273.7805679
767.5	-132.6536149	-454.0387967
768	-147.4894349	-788.5649742
768.5	-161.2847714	168.4999324
769	-173.9498222	1420.943561
769.5	-185.4024842	261.6081505
770	-195.5689061	-88.51291695
770.5	-204.3839848	200.4043436
771	-211.7918051	144.3998095
771.5	-217.746016	-506.0611613
772	-222.2101439	-316.1572158
772.5	-225.1578386	59.25584898
773	-226.5730507	-1647.509461
773.5	-226.4501397	-1885.420866
774	-224.7939105	103.5743478
774.5	-221.61958	787.1873539
775	-216.9526711	-702.0159927
775.5	-210.8288376	2028.526764
776	-203.2936186	472.5250106
776.5	-194.4021251	-941.4008281
777	-184.2186612	195.7974815
777.5	-172.8162812	-680.5658083
778	-160.2762864	-586.5598504
778.5	-146.6876642	-281.264889
779	-132.1464744	750.6729264
779.5	-116.7551857	-196.698484
780	-100.6219669	-172.1081579
780.5	-83.85993894	-980.7482323
781	-66.58639098	-379.9200602
781.5	-48.92196761	-164.2372973
782	-30.98983164	631.5885454
782.5	-12.91480869	-119.4931322
783	5.177480407	1378.688017
783.5	23.16149364	539.2128719
784	40.91264195	-48.52024617
784.5	58.30815744	-680.1604667
785	75.22794962	184.9072955
785.5	91.55544354	1148.391632
786	107.178394	350.1032877
786.5	121.9896698	-830.3348046
787	135.8880032	1715.243546
787.5	148.778698	573.9900682
788	160.5742921	-1482.787025
788.5	171.19517	-570.812187
789	180.5701196	459.7347617
789.5	188.6368305	-1533.170614
790	195.3423293	276.9706468
790.5	200.6433492	884.2574063
791	204.5066312	-865.8838334
791.5	206.9091539	-668.5975719
792	207.838291	-1587.989313
792.5	207.2918946	-584.090683
793	205.2783045	1358.340146
793.5	201.8162816	610.1879928
794	196.9348678	1137.129475
794.5	190.6731716	53.26916539
795	183.080082	54.68245213
795.5	174.2139113	403.8878293
796	164.1419711	-664.4629493
796.5	152.9400827	-819.3433156
797	140.692026	-1136.584828
797.5	127.4889313	1363.910952
798	113.4286171	1339.317799
798.5	98.61488003	-474.584965
799	83.15674071	1911.122128
799.5	67.1676516	147.7845256
800	50.76467255	112.1257447
800.5	34.06761978	52.70179128
801	17.19819446	-1237.46608
801.5	0.279097372	-86.62239735
802	-16.56686407	245.1187477
802.5	-33.21766982	682.1320617
803	-49.55297574	716.868544
803.5	-65.45499015	-719.6645085
804	-80.8093319	-1261.475422
804.5	-95.50586369	-77.94815575
805	-109.4394945	-701.8295245
805.5	-122.510945	-1056.041941
806	-134.6274705	575.7834244
806.5	-145.7035361	-1731.24669
807	-155.6614381	-1026.17102
807.5	-164.4318689	24.85293061
808	-171.9544187	436.7538704
808.5	-178.1780122	-650.7946162
809	-183.0612763	298.4961575
809.5	-186.5728353	-74.21669803
810	-188.691532	334.7028848
810.5	-189.4065739	-476.7747582
811	-188.7176006	-906.7620019
811.5	-186.6346749	-573.0167024
812	-183.1781952	-97.10632388
812.5	-178.3787315	-571.5287795
813	-172.2767849	-531.5694126
813.5	-164.9224724	-1479.872399
814	-156.3751406	-946.083928
814.5	-146.7029096	495.9379007
815	-135.9821506	-619.5401863
815.5	-124.2969028	1948.373133
816	-111.738231	1756.962629
816.5	-98.4035316	831.189104
817	-84.39579049	242.9770351
817.5	-69.82279856	864.3298813
818	-54.79633137	625.3760684
818.5	-39.43129866	-346.4064244
819	-23.84487031	621.5350263
819.5	-8.155585319	-994.7442315
820	7.517549367	-478.3124848
820.5	23.05596335	-272.808464
821	38.34242367	-1240.69351
821.5	53.26192527	44.12054774
822	67.70256406	682.869944
822.5	81.55638605	703.6862263
823	94.72020592	-71.35129047
823.5	107.0963887	1249.738381
824	118.5935886	1982.440478
824.5	129.1274391	724.122901
825	138.6211894	-515.759564
825.5	147.0062814	654.5045999
826	154.2228636	1016.341722
826.5	160.2202377	-341.6450807
827	164.9572338	-369.2261857
827.5	168.4025123	-663.4323937
828	170.5347885	-3.721346351
828.5	171.3429803	641.4596827
829	170.8262759	612.9051184
829.5	168.9941216	1056.007917
830	165.8661302	-754.9773744
830.5	161.4719098	806.1548456
831	155.8508151	-1798.836374
831.5	149.0516228	-1237.372424
832	141.132133	1418.218982
832.5	132.1587009	1178.644907
833	122.2057017	-822.4324874
833.5	111.3549326	868.1462634
834	99.69495719	1268.487569
834.5	87.32039755	-367.6929512
835	74.33117852	499.4086116
835.5	60.83173131	-682.1682221
836	46.93016204	551.0267908
836.5	32.73739204	1164.723807
837	18.3662766	168.859671
837.5	3.930709293	221.2435552
838	-10.45528117	1324.6863
838.5	-24.67843426	-610.3530428
839	-38.62715391	133.2064273
839.5	-52.19239075	139.2357183
840	-65.26850309	700.6174362
840.5	-77.75408984	-482.2289093
841	-89.55278869	-231.7660082
841.5	-100.5740332	-394.220885
842	-110.7337624	1266.328141
842.5	-119.9550782	548.6766192
843	-128.1688435	457.5738019
843.5	-135.3142182	178.2688048
844	-141.3391274	25.42794947
844.5	-146.2006588	-998.1673734
845	-149.8653853	455.3942169
845.5	-152.3096111	-1084.127129
846	-153.5195389	638.8725279
846.5	-153.4913564	-1722.895661
847	-152.2312421	676.0641145
847.5	-149.7552906	-1597.009115
848	-146.0893566	-296.3510141
848.5	-141.2688205	1310.994324
849	-135.3382765	-172.2285274
849.5	-128.3511469	1538.181682
850	-120.3692233	-439.1477469
850.5	-111.4621425	-220.7311197
851	-101.7067968	1338.684423
851.5	-91.18668748	-490.2182695
852	-79.99122446	-927.7670607
852.5	-68.21497867	-1147.402626
853	-55.95689334	1015.516823
853.5	-43.31946066	118.6056751
854	-30.4078705	88.5997946
854.5	-17.32913845	339.3431715
855	-4.191220189	-384.9661387
855.5	8.897880287	790.1581897
856	21.83100135	-648.7322736
856.5	34.50270585	-1905.075535
857	46.81014728	187.9703775
857.5	58.65391297	1593.72047
858	69.93883715	1235.135527
858.5	80.57477714	-2383.267215
859	90.47734632	-1545.9495
859.5	99.56859765	341.1503827
860	107.7776521	1293.618058
860.5	115.0412671	40.26760942
861	121.3043392	-135.4277375
861.5	126.5203387	613.1823101
862	130.6516705	1051.097535
862.5	133.6699596	-161.564008
863	135.5562588	121.9827744
863.5	136.3011763	23.25961453
864	135.9049225	728.1696424
864.5	134.3772758	828.8017079
865	131.7374684	-533.5720914
865.5	128.013991	1264.032391
866	123.244321	1544.995237
866.5	117.4745747	601.9928881
867	110.7590867	-1920.602961
867.5	103.159921	-943.6925809
868	94.74631749	-571.4249862
868.5	85.5940784	-197.5442196
869	75.78490076	-392.0219458
869.5	65.40565995	244.0246654
870	54.5476509	-973.6499262
870.5	43.30579345	232.1681313
871	31.7778087	-187.010824
871.5	20.0633735	-2175.90402
872	8.263260396	-87.55483569
872.5	-3.521529627	60.45298752
873	-15.19063392	454.0155399
873.5	-26.64518719	-314.6220157
874	-37.7886652	-659.1233284
874.5	-48.52770595	1467.428741
875	-58.77290118	-596.6834477
875.5	-68.4395515	-593.4661312
876	-77.44837853	367.8595489
876.5	-85.72618789	-269.9040172
877	-93.20647761	1006.77544
877.5	-99.82998637	-985.2658218
878	-105.5451772	-358.5908676
878.5	-110.3086526	33.02962263
879	-114.0854967	-194.8950163
879.5	-116.8495434	-2208.148146
880	-118.5835663	-1319.387891
880.5	-119.27939	274.9889458
881	-118.9379219	875.0979508
881.5	-117.569104	-558.6616968
882	-115.1917858	-2887.436847
882.5	-111.8335191	-395.1024134
883	-107.5302765	-1608.106686
883.5	-102.3260974	-1785.032499
884	-96.27266338	1730.202477
884.5	-89.42880798	653.4450463
885	-81.85996437	-870.0970928
885.5	-73.63755705	586.6914322
886	-64.83834228	1306.270092
886.5	-55.54370365	1604.219208
887	-45.83890905	1373.160755
887.5	-35.81233575	1307.310439
888	-25.55467075	200.7658115
888.5	-15.15809341	-2278.009321
889	-4.715447892	-73.01868583
889.5	5.680587217	-899.5263238
890	15.93832458	287.463203
890.5	25.96788172	-669.5458946
891	35.68197519	692.4953249
891.5	44.99668832	441.2699019
892	53.83220554	475.6917961
892.5	62.11350684	197.39308
893	69.77101614	1290.987165
893.5	76.74119783	1232.683913
894	82.96709627	1401.758446
894.5	88.39881345	1564.737509
895	92.99392068	686.6517143
895.5	96.71780076	474.6939353
896	99.54391776	-75.58926208
896.5	101.4540121	1394.781011
897	102.4382194	286.7874676
897.5	102.4951125	197.1195029
898	101.6316656	1662.348811
898.5	99.86314315	678.1610375
899	97.21291167	3184.95098
899.5	93.71217973	24.05752261
900	89.39966636	463.1472768
900.5	84.32120242	1870.487122
901	78.52926836	-3333.067404
901.5	72.08247305	-721.549138
902	65.04497865	951.6391718
902.5	57.48587708	2696.351099
903	49.47852398	1491.107237
903.5	41.09983662	-1043.719175
904	32.42956234	-578.5882339
904.5	23.54952448	921.1434149
905	14.5428529	-217.7492774
905.5	5.493206359	1429.017869
906	-3.516005934	953.6551564
906.5	-12.40239635	-739.425755
907	-21.08535721	934.7624829
907.5	-29.48679843	-2433.971762
908	-37.53185758	188.7044471
908.5	-45.14957584	-346.5088263
909	-52.2735336	-2665.618408
909.5	-58.84243984	1546.845491
910	-64.80066998	287.4012172
910.5	-70.09874732	45.93569907
911	-74.69376376	1141.030594
911.5	-78.54973604	807.9460543
912	-81.63789447	-1079.006569
912.5	-83.93690171	-889.5531216
913	-85.43299979	-68.08030419
913.5	-86.12008432	1332.975108
914	-85.99970557	-1401.760938
914.5	-85.08099672	-442.4376141
915	-83.38053034	540.6439035
915.5	-80.92210476	-925.9267873
916	-77.7364629	-1080.484289
916.5	-73.86094636	293.5548231
917	-69.33908861	-1110.451135
917.5	-64.2201515	2694.3866
918	-58.55860973	-1423.289297
918.5	-52.41358869	2528.708898
919	-45.84826122	-1210.88083
919.5	-38.92920951	1163.9842
920	-31.72575832	1747.514737
920.5	-24.30928643	-826.1653291
921	-16.7525228	-2027.982951
921.5	-9.12883473	-1311.913584
922	-1.511514783	1705.918832
922.5	6.026926497	-1737.868807
923	13.41545512	-1018.667605
923.5	20.58518876	-2127.817139
924	27.47004595	-889.3501024
924.5	34.00736303	-1771.412215
925	40.13847312	-440.1678
925.5	45.80924148	1607.534778
926	50.97055234	1066.332795
926.5	55.5787427	929.1296392
927	59.59597902	583.0010516
927.5	62.99057354	930.4738746
928	65.73723747	910.5666329
928.5	67.81726882	-329.2165562
929	69.21867358	-1463.944686
929.5	69.93621937	-805.4694045
930	69.9714215	1481.633489
930.5	69.3324621	-745.3026272
931	68.03404347	2537.305546
931.5	66.09717764	1968.192764
932	63.54891476	392.5186575
932.5	60.42201333	952.238792
933	56.75455614	179.2098282
933.5	52.58951611	-1302.384228
934	47.97427689	4538.979283
934.5	42.96011326	695.5666658
935	37.60163703	-74.67948114
935.5	31.95621421	-904.2083575
936	26.08335979	-2794.318058
936.5	20.04411627	-129.7927668
937	13.90042251	1028.483119
937.5	7.714479466	1014.842359
938	1.548119283	1879.333952
938.5	-4.537815758	1908.035387
939	-10.48407818	-93.04738394
939.5	-16.23359796	-669.685444
940	-21.73203712	-135.6674884
940.5	-26.92831073	-826.4264582
941	-31.77506916	643.9733419
941.5	-36.22913698	2670.091554
942	-40.25190423	2250.120796
942.5	-43.80966646	-3.685110257
943	-46.8739104	386.212563
943.5	-49.4215427	424.0832979
944	-51.43505996	-1489.549634
944.5	-52.90265865	1199.638036
945	-53.81828442	951.9092851
945.5	-54.18162075	-2567.399592
946	-53.99801765	-37.00504441
946.5	-53.27836173	-883.5409909
947	-52.03888946	-1321.955711
947.5	-50.30094634	-882.864413
948	-48.09069486	-63.34904266
948.5	-45.43877488	51.31287969
949	-42.37992068	-2787.004684
949.5	-38.95253901	101.4274213
950	-35.19825314	-2897.774709
950.5	-31.16141812	-768.0345811
951	-26.88861283	1668.867139
951.5	-22.42811447	904.1277826
952	-17.82936128	-627.9794507
952.5	-13.14240971	-2243.387324
953	-8.417391639	-634.1973097
953.5	-3.703977866	3138.536019
954	0.949146554	-753.1974861
954.5	5.494789368	611.9942847
955	9.887735296	-858.4947828
955.5	14.08520219	1373.222857
956	18.04726447	-1103.560609
956.5	21.73723957	-2108.909082
957	25.12203339	-627.4055855
957.5	28.17244158	682.2101165
958	30.8634036	1091.468706
958.5	33.17420741	-4022.086038
959	35.08864299	-984.3961495
959.5	36.59510358	3961.776001
960	37.68663409	-2720.926638
960.5	38.36092685	-1561.48222
961	38.62026522	-2268.160787
961.5	38.47141648	2882.209953
962	37.9254757	-1024.155416
962.5	36.99766308	-900.9617349
963	35.70707753	-2905.201139
963.5	34.07640997	424.4218499
964	32.13162007	257.4665787
964.5	29.90158065	1331.649316
965	27.41769427	-3432.621238
965.5	24.71348676	277.8736321
966	21.8241828	1055.453838
966.5	18.78626868	-1143.107855
967	15.63704755	-157.9294016
967.5	12.41419251	1075.997407
968	9.155302738	1868.354223
968.5	5.897468063	-236.2598507
969	2.676846846	-1455.143264
969.5	-0.471737851	-1380.669343
970	-3.515179274	1092.345963
970.5	-6.422440869	-2513.844251
971	-9.164879178	-1769.452652
971.5	-11.71653224	251.3031417
972	-14.05437048	-5463.497106
972.5	-16.15850748	807.4879778
973	-18.01236871	-3472.603923
973.5	-19.60281661	-1529.10266
974	-20.92023112	2288.165895
974.5	-21.95854535	-2012.16651
975	-22.71523636	868.24111
975.5	-23.19127204	-2659.55955
976	-23.39101515	30.81325384
976.5	-23.32208643	2161.217858
977	-22.99518901	1763.094374
977.5	-22.42389692	-1001.960851
978	-21.62441091	-554.2681743
978.5	-20.61528502	-1368.88045
979	-19.41712798	-2698.310666
979.5	-18.0522836	-528.0042845
980	-16.54449442	-1841.92441
980.5	-14.91855351	-1887.749242
981	-13.19994885	731.2114356
981.5	-11.41450531	-2756.613527
982	-9.588028827	-1710.353034
982.5	-7.745957558	-1369.319915
983	-5.913024561	-1531.209816
983.5	-4.112936374	849.8725359
984	-2.368071639	153.5791104
984.5	-0.699203589	-575.7279294
985	0.874750096	-1815.676059
985.5	2.336946984	-2083.883577
986	3.672806466	-1569.370876
986.5	4.870161011	-748.6270089
987	5.919370404	265.2595934
987.5	6.813397764	1144.646391
988	7.547846699	-1846.318179
988.5	8.120959456	886.7125747
989	8.533576489	-1417.429241
989.5	8.789058394	84.18709466
990	8.893171656	1474.899527
990.5	8.853940183	-1542.876083
991	8.681465048	1910.994413
991.5	8.387715302	43.37338472
992	7.986293122	-410.0820096
992.5	7.492176907	133.2063296
993	6.921446231	75.68023795
993.5	6.290992833	-1164.305832
994	5.618221977	-326.6139568
994.5	4.920748697	-396.7187548
995	4.216093452	3120.240284
995.5	3.521381781	-2742.318623
996	2.853052447	-1750.185779
996.5	2.226578451	243.3777698
997	1.656205137	-1252.740441
997.5	1.154709319	3000.102202
998	0.733183112	-1060.2923
998.5	0.400845772	-1116.712446
999	0.164886441	-765.1522209
999.5	0.030340287	-1013.664971
